 M_A= 4   M_B= 4
 Bell coefficients, M_A lines, M_B columns:
       | -2 -1 -1 -1
   -----------------
    -1 |  1  2  0 -1
    -2 |  2  0 -1  2
    -1 | -1  1  1  2
     0 |  2 -1  1 -1

 Classical limit=  0.

-----------------------------------------------

 Limit with real qubits without degenerate measurements:  0.60336477

 Vector (Schmidt coefficients)  0.72707120  0.68656206

 Matrices of measurement operators of Alice (in Schmidt basis)
   dimensionalities of subspaces: 1 1 1 1
 1
 0.9324232 0.2510184
 0.2510184 0.0675768
 2
 0.0010265-0.0320226
-0.0320226 0.9989735
 3
 0.7428537-0.4370607
-0.4370607 0.2571463
 4
 0.4278986 0.4947741
 0.4947741 0.5721014

 Matrices of measurement operators of Bob (in Schmidt basis)
   dimensionalities of subspaces: 1 1 1 1
 1
 0.2455036 0.4303854
 0.4303854 0.7544964
 2
 0.9698872-0.1708976
-0.1708976 0.0301128
 3
 0.9951883 0.0691994
 0.0691994 0.0048117
 4
 0.2696687-0.4437876
-0.4437876 0.7303313


-----------------------------------------------

 Limit with complex qubits without degenerate measurements:  0.60351477

 Vector (Schmidt coefficients)  0.72191604  0.69198065

 Matrices of measurement operators of Alice (in Schmidt basis)
   dimensionalities of subspaces: 1 1 1 1
 1
( 0.5000068, 0.0000000)  ( 0.5000000, 0.0000020)
( 0.5000000,-0.0000020)  ( 0.4999932, 0.0000000)
 2
( 0.0000000, 0.0000000)  ( 0.0000016,-0.0000020)
( 0.0000016, 0.0000020)  ( 1.0000000, 0.0000000)
 3
( 0.5877883, 0.0000000)  (-0.0971951,-0.4825415)
(-0.0971951, 0.4825415)  ( 0.4122117, 0.0000000)
 4
( 0.5877821, 0.0000000)  ( 0.0971955, 0.4825426)
( 0.0971955,-0.4825426)  ( 0.4122179, 0.0000000)

 Matrices of measurement operators of Bob (in Schmidt basis)
   dimensionalities of subspaces: 1 1 1 1
 1
( 0.2579056, 0.0000000)  ( 0.2098932,-0.3838426)
( 0.2098932, 0.3838426)  ( 0.7420944, 0.0000000)
 2
( 0.5000071, 0.0000000)  ( 0.3204152, 0.3838412)
( 0.3204152,-0.3838412)  ( 0.4999929, 0.0000000)
 3
( 1.0000000, 0.0000000)  (-0.0000010,-0.0000026)
(-0.0000010, 0.0000026)  ( 0.0000000, 0.0000000)
 4
( 0.2579070, 0.0000000)  (-0.2098907, 0.3838449)
(-0.2098907,-0.3838449)  ( 0.7420930, 0.0000000)

-----------------------------------------------

 Limit with complex qubits allowing degenerate measurements:  0.60535579
 Vector (Schmidt coefficients)  0.70710678  0.70710678


 Matrices of measurement operators of Alice (in Schmidt basis)
   dimensionalities of subspaces: 1 1 1 1
 1
( 0.0000000, 0.0000000)  ( 0.0000000, 0.0000000)
( 0.0000000, 0.0000000)  ( 1.0000000, 0.0000000)
 2
( 0.5000008, 0.0000000)  (-0.3651634,-0.3415490)
(-0.3651634, 0.3415490)  ( 0.4999992, 0.0000000)
 3
( 0.5674937, 0.0000000)  (-0.3990699, 0.2935776)
(-0.3990699,-0.2935776)  ( 0.4325063, 0.0000000)
 4
( 0.4325071, 0.0000000)  ( 0.2662832,-0.4177774)
( 0.2662832, 0.4177774)  ( 0.5674929, 0.0000000)

 Matrices of measurement operators of Bob (in Schmidt basis)
   dimensionalities of subspaces: 1 1 0 1
 1
( 0.3202477, 0.0000000)  ( 0.0515116, 0.4637194)
( 0.0515116,-0.4637194)  ( 0.6797523, 0.0000000)
 2
( 0.1679863, 0.0000000)  (-0.2553790,-0.2730357)
(-0.2553790, 0.2730357)  ( 0.8320137, 0.0000000)
 3
( 0.0000000, 0.0000000)  ( 0.0000000, 0.0000000)
( 0.0000000, 0.0000000)  ( 0.0000000, 0.0000000)
 4
( 0.6797533, 0.0000000)  (-0.4592460,-0.0823519)
(-0.4592460, 0.0823519)  ( 0.3202467, 0.0000000)

-----------------------------------------------

 Maximum value found with 4-dimensional real spaces:  0.60785431

 Vector (Schmidt coefficients)  0.49481913  0.49099606  0.51517679  0.49866800

 Matrices of measurement operators of Alice (in Schmidt basis)
   dimensionalities of subspaces: 2 2 2 2
 1
 0.587431 0.473517-0.005539 0.134561
 0.473517 0.423213 0.137382-0.031804
-0.005539 0.137382 0.484649-0.480479
 0.134561-0.031804-0.480479 0.504706
 2
 0.995625-0.011883-0.032541-0.056172
-0.011883 0.956818 0.002447-0.202903
-0.032541 0.002447 0.001068 0.001398
-0.056172-0.202903 0.001398 0.046488
 3
 0.552409 0.053883-0.004168-0.494300
 0.053883 0.411691-0.489181 0.000212
-0.004168-0.489181 0.587827-0.054508
-0.494300 0.000212-0.054508 0.448073
 4
 0.613357-0.084282 0.093070 0.470515
-0.084282 0.426444 0.479370-0.087692
 0.093070 0.479370 0.597981 0.044064
 0.470515-0.087692 0.044064 0.362219

 Matrices of measurement operators of Bob (in Schmidt basis)
   dimensionalities of subspaces: 2 2 1 2
 1
 0.825796 0.070509 0.041644 0.370339
 0.070509 0.707227 0.424069-0.149169
 0.041644 0.424069 0.254282-0.089743
 0.370339-0.149169-0.089743 0.212695
 2
 0.543301 0.415914-0.042439-0.270813
 0.415914 0.435533-0.269749 0.009765
-0.042439-0.269749 0.483880-0.418539
-0.270813 0.009765-0.418539 0.537287
 3
 0.014291-0.001568 0.118650-0.002608
-0.001568 0.000172-0.013022 0.000286
 0.118650-0.013022 0.985061-0.021652
-0.002608 0.000286-0.021652 0.000476
 4
 0.731089-0.088764-0.032643-0.433190
-0.088764 0.739142-0.425201-0.064313
-0.032643-0.425201 0.254328 0.088226
-0.433190-0.064313 0.088226 0.275441

-----------------------------------------------

 Best value,          real 4-dimensional component spaces:  0.60785431

-----------------------------------------------

 Upper limits (value, difference)

 Level 1 +ab            :    0.623177    0.015323
 Level 2                :    0.621707    0.013852
 Level 2 +aab           :    0.607854    0.000000
 Limit reached, maximum value is known
