 M_A= 4   M_B= 4
 Bell coefficients, M_A lines, M_B columns:
       | -6 -3 -1  0
   -----------------
    -2 |  2  3 -1  2
     0 |  3  2 -4 -3
    -3 |  1  3  4 -2
    -2 |  5 -3  2  1

 Classical limit=  0.

-----------------------------------------------

 Limit with real qubits without degenerate measurements:  1.10853413

 Vector (Schmidt coefficients)  0.71134087  0.70284719

 Matrices of measurement operators of Alice (in Schmidt basis)
   dimensionalities of subspaces: 1 1 1 1
 1
 0.7204266-0.4487896
-0.4487896 0.2795734
 2
 0.9855950-0.1191533
-0.1191533 0.0144050
 3
 0.6221293-0.4848551
-0.4848551 0.3778707
 4
 0.1291581-0.3353748
-0.3353748 0.8708419

 Matrices of measurement operators of Bob (in Schmidt basis)
   dimensionalities of subspaces: 1 1 1 1
 1
 0.5233243-0.4994557
-0.4994557 0.4766757
 2
 0.9183287-0.2738633
-0.2738633 0.0816713
 3
 0.0895308-0.2855084
-0.2855084 0.9104692
 4
 0.0008199 0.0286223
 0.0286223 0.9991801


-----------------------------------------------

 Limit with complex qubits without degenerate measurements:  1.12045915

 Vector (Schmidt coefficients)  0.71204727  0.70213153

 Matrices of measurement operators of Alice (in Schmidt basis)
   dimensionalities of subspaces: 1 1 1 1
 1
( 0.2395944, 0.0000000)  (-0.1718351, 0.3907194)
(-0.1718351,-0.3907194)  ( 0.7604056, 0.0000000)
 2
( 0.1917220, 0.0000000)  (-0.3805688, 0.1006581)
(-0.3805688,-0.1006581)  ( 0.8082780, 0.0000000)
 3
( 0.0151001, 0.0000000)  ( 0.1107081, 0.0511447)
( 0.1107081,-0.0511447)  ( 0.9848999, 0.0000000)
 4
( 0.4530780, 0.0000000)  ( 0.4294678, 0.2517056)
( 0.4294678,-0.2517056)  ( 0.5469220, 0.0000000)

 Matrices of measurement operators of Bob (in Schmidt basis)
   dimensionalities of subspaces: 1 1 1 1
 1
( 0.1731412, 0.0000000)  ( 0.1162568,-0.3600662)
( 0.1162568, 0.3600662)  ( 0.8268588, 0.0000000)
 2
( 0.1225741, 0.0000000)  (-0.3099550,-0.1071336)
(-0.3099550, 0.1071336)  ( 0.8774259, 0.0000000)
 3
( 0.4102294, 0.0000000)  ( 0.4916757, 0.0140094)
( 0.4916757,-0.0140094)  ( 0.5897706, 0.0000000)
 4
( 0.8709776, 0.0000000)  ( 0.2842602,-0.1776843)
( 0.2842602, 0.1776843)  ( 0.1290224, 0.0000000)

-----------------------------------------------

 Maximum value found with 20-dimensional real spaces:  1.12231701

 Vector (Schmidt coefficients)
 0.013720959851 0.142371294404 0.100465163847 0.029889436825 0.048632162350 0.028311887099
 0.070405974775 0.046937393288 0.259111093055 0.263902768944 0.357757280929 0.102762503185
 0.072328085958 0.014995716158 0.139514161350 0.485686650913 0.190863761409 0.194510831215
 0.352037891206 0.473169160465

 Matrices of measurement operators of Alice (in Schmidt basis)
   dimensionalities of subspaces: 10 10 10 10
 1
  0.0104790189  0.0000093120  0.0002453315  0.0017596107 -0.0002815982  0.0338035475  0.0011332389  0.0025603538 -0.0000125596 -0.0000030210 -0.0000017001 -0.0000112712  0.0000014289 -0.0959970990 -0.0000969931 -0.0000015234  0.0000316265  0.0000050355  0.0000045934 -0.0000016633
  0.0000093120  0.8773688822 -0.0238784762 -0.0009021131  0.0031635254 -0.0001448852 -0.0016484306 -0.0007054827 -0.0558677907 -0.0068124174 -0.0085620509 -0.0198440137  0.0032434839 -0.0002039621  0.1253854816 -0.0068264201  0.2923919740  0.0242067116  0.0374791754 -0.0105533847
  0.0002453315 -0.0238784762  0.1214505840 -0.0228499640  0.0531383986 -0.0011430346 -0.0126694860 -0.0018812086  0.0031019341  0.0014232485  0.0006969216  0.1126740925  0.2994135585 -0.0034235150  0.0155157621  0.0006170631 -0.0021592181 -0.0019237931 -0.0011737642  0.0005307923
  0.0017596107 -0.0009021131 -0.0228499640  0.8845279455 -0.0111394937  0.0495113046 -0.0463528039 -0.3110947258  0.0010005417  0.0002394999  0.0001340578  0.0022183626 -0.0025066463  0.0066316051  0.0066368347  0.0001136290 -0.0027485111 -0.0004602832 -0.0003930519  0.0001401550
 -0.0002815982  0.0031635254  0.0531383986 -0.0111394937  0.8828981382 -0.0105473400  0.3046388270 -0.0793770272 -0.0038982994 -0.0008314419 -0.0004547299 -0.0027953985  0.0137035981 -0.0019554536 -0.0301935437 -0.0003926995  0.0091070674  0.0013856579  0.0013866716 -0.0005194034
  0.0338035475 -0.0001448852 -0.0011430346  0.0495113046 -0.0105473400  0.1113122160 -0.0016727833 -0.0063112520  0.0000857861  0.0000276250  0.0000144249  0.0004248352 -0.0011430488 -0.3084976322  0.0004707351  0.0000126352 -0.0002057743 -0.0000590065 -0.0000349445  0.0000131584
  0.0011332389 -0.0016484306 -0.0126694860 -0.0463528039  0.3046388270 -0.0016727833  0.1197271433 -0.0101395515  0.0009941209  0.0004548054  0.0002369804  0.0203434389 -0.0978570622 -0.0129099679  0.0019121983  0.0001987877 -0.0025178284 -0.0009800264 -0.0004727470  0.0001812871
  0.0025603538 -0.0007054827 -0.0018812086 -0.3110947258 -0.0793770272 -0.0063112520 -0.0101395515  0.1185020735  0.0003598284  0.0001346098  0.0000667622  0.0014647576 -0.0159588836 -0.0310501849  0.0019129818  0.0000582278 -0.0007715110 -0.0002757231 -0.0001474873  0.0000575057
 -0.0000125596 -0.0558677907  0.0031019341  0.0010005417 -0.0038982994  0.0000857861  0.0009941209  0.0003598284  0.1338727182 -0.1592409132 -0.0354159165  0.0374751598 -0.0106229971  0.0001929281 -0.0025782452 -0.0113271605  0.0216674155 -0.2887668223  0.0258777228 -0.0036148227
 -0.0000030210 -0.0068124174  0.0014232485  0.0002394999 -0.0008314419  0.0000276250  0.0004548054  0.0001346098 -0.1592409132  0.8739151665  0.0459358527  0.0059758850 -0.0021197583  0.0000480340 -0.0027055466  0.0288007025  0.0308884209 -0.0320649165 -0.2783743626  0.0481531068
 -0.0000017001 -0.0085620509  0.0006969216  0.0001340578 -0.0004547299  0.0000144249  0.0002369804  0.0000667622 -0.0354159165  0.0459358527  0.8597600558  0.0031128116 -0.0013376907  0.0000260043 -0.0020361240  0.0659112277  0.0039953436 -0.0104314173  0.1970952057  0.2716671120
 -0.0000112712 -0.0198440137  0.1126740925  0.0022183626 -0.0027953985  0.0004248352  0.0203434389  0.0014647576  0.0374751598  0.0059758850  0.0031128116  0.8794996956 -0.0166315179  0.0004530895  0.2955972678  0.0028886729 -0.0564590074 -0.0042017232 -0.0110758119  0.0046032780
  0.0000014289  0.0032434839  0.2994135585 -0.0025066463  0.0137035981 -0.0011430488 -0.0978570622 -0.0159588836 -0.0106229971 -0.0021197583 -0.0013376907 -0.0166315179  0.8815000466 -0.0012337993 -0.0557847014 -0.0011241355  0.0349472413  0.0042365130  0.0045385170 -0.0015275045
 -0.0959970990 -0.0002039621 -0.0034235150  0.0066316051 -0.0019554536 -0.3084976322 -0.0129099679 -0.0310501849  0.0001929281  0.0000480340  0.0000260043  0.0004530895 -0.0012337993  0.8800257715  0.0013486535  0.0000222030 -0.0004839529 -0.0000908452 -0.0000729298  0.0000266910
 -0.0000969931  0.1253854816  0.0155157621  0.0066368347 -0.0301935437  0.0004707351  0.0019121983  0.0019129818 -0.0025782452 -0.0027055466 -0.0020361240  0.2955972678 -0.0557847014  0.0013486535  0.1238556879 -0.0017150783  0.0183973656  0.0269167958  0.0035920132 -0.0012342275
 -0.0000015234 -0.0068264201  0.0006170631  0.0001136290 -0.0003926995  0.0000126352  0.0001987877  0.0000582278 -0.0113271605  0.0288007025  0.0659112277  0.0028886729 -0.0011241355  0.0000222030 -0.0017150783  0.9265845785  0.0049588667 -0.0157107537  0.0608906454 -0.2422492363
  0.0000316265  0.2923919740 -0.0021592181 -0.0027485111  0.0091070674 -0.0002057743 -0.0025178284 -0.0007715110  0.0216674155  0.0308884209  0.0039953436 -0.0564590074  0.0349472413 -0.0004839529  0.0183973656  0.0049588667  0.1273790295 -0.1390015795 -0.0032650774  0.0038159911
  0.0000050355  0.0242067116 -0.0019237931 -0.0004602832  0.0013856579 -0.0000590065 -0.0009800264 -0.0002757231 -0.2887668223 -0.0320649165 -0.0104314173 -0.0042017232  0.0042365130 -0.0000908452  0.0269167958 -0.0157107537 -0.1390015795  0.8748030590  0.0530245437 -0.0355891052
  0.0000045934  0.0374791754 -0.0011737642 -0.0003930519  0.0013866716 -0.0000349445 -0.0004727470 -0.0001474873  0.0258777228 -0.2783743626  0.1970952057 -0.0110758119  0.0045385170 -0.0000729298  0.0035920132  0.0608906454 -0.0032650774  0.0530245437  0.1481706738  0.0333640431
 -0.0000016633 -0.0105533847  0.0005307923  0.0001401550 -0.0005194034  0.0000131584  0.0001812871  0.0000575057 -0.0036148227  0.0481531068  0.2716671120  0.0046032780 -0.0015275045  0.0000266910 -0.0012342275 -0.2422492363  0.0038159911 -0.0355891052  0.0333640431  0.1643675155
 2
  0.0961471236 -0.0000261771 -0.0000438039  0.0143945768 -0.0013403904 -0.0208758667 -0.0004073593 -0.0014980592 -0.0000010214  0.0000018647  0.0000003992  0.0000978401 -0.0003857231 -0.2936928340  0.0000074910 -0.0000000120  0.0000010727 -0.0000074233  0.0000005356 -0.0000002190
 -0.0000261771  0.9931333632 -0.0280466332  0.0001525729 -0.0000580616 -0.0002163278 -0.0037166144 -0.0015496560  0.0136860641  0.0005858220  0.0004426793 -0.0040588635 -0.0002010550  0.0000293380 -0.0671484971  0.0003133131 -0.0351767969  0.0031415088 -0.0071835355  0.0020790324
 -0.0000438039 -0.0280466332  0.0089077004  0.0040700299 -0.0130578141 -0.0001128832 -0.0051729078 -0.0002138182  0.0000408388  0.0022421849  0.0004562459 -0.0786156005 -0.0401275749  0.0004380750  0.0041305933  0.0000551836  0.0000585755 -0.0038307045  0.0001884516 -0.0000806180
  0.0143945768  0.0001525729  0.0040700299  0.9822398483 -0.0076678256 -0.1197716900  0.0112250606  0.0504253683 -0.0000931314 -0.0000284145 -0.0000104264 -0.0000942261  0.0002961291  0.0121165245 -0.0010643477 -0.0000022225  0.0003308476  0.0000643036  0.0000255621 -0.0000064487
 -0.0013403904 -0.0000580616 -0.0130578141 -0.0076678256  0.9867195793 -0.0241528928 -0.0443100759  0.1012504953  0.0005298438  0.0000923026  0.0000443628  0.0001676013  0.0062154380  0.0005017801  0.0057163161  0.0000118539 -0.0016121167 -0.0001996052 -0.0001468277  0.0000411278
 -0.0208758667 -0.0002163278 -0.0001128832 -0.1197716900 -0.0241528928  0.0190726275 -0.0003099549 -0.0082414230 -0.0000181902  0.0000128778  0.0000016289  0.0009364740 -0.0025084900  0.0571767719 -0.0000777887 -0.0000013625  0.0000356043 -0.0000578444  0.0000066497 -0.0000023534
 -0.0004073593 -0.0037166144 -0.0051729078  0.0112250606 -0.0443100759 -0.0003099549  0.0112026469 -0.0064063999 -0.0001588600  0.0004467209  0.0001179866  0.0278947066  0.0901096031  0.0019373380  0.0001071371  0.0000008075 -0.0001124853 -0.0020022029  0.0000718033 -0.0000357138
 -0.0014980592 -0.0015496560 -0.0002138182  0.0504253683  0.1012504953 -0.0082414230 -0.0064063999  0.0138993053 -0.0000586273  0.0000985156  0.0000191411  0.0033446754 -0.0271138293  0.0071804134  0.0001213627 -0.0000039232  0.0001245125 -0.0003606003  0.0000292619 -0.0000107450
 -0.0000010214  0.0136860641  0.0000408388 -0.0000931314  0.0005298438 -0.0000181902 -0.0001588600 -0.0000586273  0.0033323347  0.0341170162 -0.0280743506 -0.0072807069  0.0019623240 -0.0000089172  0.0002651992 -0.0027526511  0.0020709269  0.0333475639  0.0003516906  0.0006946080
  0.0000018647  0.0005858220  0.0022421849 -0.0000284145  0.0000923026  0.0000128778  0.0004467209  0.0000985156  0.0341170162  0.9969443826  0.0004254453 -0.0001867252  0.0002501349 -0.0000040322 -0.0037579409 -0.0010331576  0.0280033499 -0.0020784878  0.0303114620 -0.0124080643
  0.0000003992  0.0004426793  0.0004562459 -0.0000104264  0.0000443628  0.0000016289  0.0001179866  0.0000191411 -0.0280743506  0.0004254453  0.9984194447 -0.0003311125  0.0001244815 -0.0000012893 -0.0022786166 -0.0008757144  0.0034432013  0.0010543719  0.0028596147 -0.0276053916
  0.0000978401 -0.0040588635 -0.0786156005 -0.0000942261  0.0001676013  0.0009364740  0.0278947066  0.0033446754 -0.0072807069 -0.0001867252 -0.0003311125  0.9912692515 -0.0050523782 -0.0000807358 -0.0372834085 -0.0001194684  0.0139231982  0.0003441067  0.0020508311 -0.0006910982
 -0.0003857231 -0.0002010550 -0.0401275749  0.0002961291  0.0062154380 -0.0025084900  0.0901096031 -0.0271138293  0.0019623240  0.0002501349  0.0001244815 -0.0050523782  0.9891054704  0.0000704446  0.0137811476  0.0000438611 -0.0067589332 -0.0000784555 -0.0006411911  0.0001801077
 -0.2936928340  0.0000293380  0.0004380750  0.0121165245  0.0005017801  0.0571767719  0.0019373380  0.0071804134 -0.0000089172 -0.0000040322 -0.0000012893 -0.0000807358  0.0000704446  0.9003407822 -0.0001222459 -0.0000001323  0.0000328197  0.0000117545  0.0000022079 -0.0000004928
  0.0000074910 -0.0671484971  0.0041305933 -0.0010643477  0.0057163161 -0.0000777887  0.0001071371  0.0001213627  0.0002651992 -0.0037579409 -0.0022786166 -0.0372834085  0.0137811476 -0.0001222459  0.0070070698 -0.0002910227  0.0031779371  0.0280809851 -0.0000846597  0.0002047897
 -0.0000000120  0.0003133131  0.0000551836 -0.0000022225  0.0000118539 -0.0000013625  0.0000008075 -0.0000039232 -0.0027526511 -0.0010331576 -0.0008757144 -0.0001194684  0.0000438611 -0.0000001323 -0.0002910227  0.9986930592  0.0017003197  0.0005063075  0.0248141866 -0.0260139911
  0.0000010727 -0.0351767969  0.0000585755  0.0003308476 -0.0016121167  0.0000356043 -0.0001124853  0.0001245125  0.0020709269  0.0280033499  0.0034432013  0.0139231982 -0.0067589332  0.0000328197  0.0031779371  0.0017003197  0.0052186110  0.0538337160  0.0005109085 -0.0001916537
 -0.0000074233  0.0031415088 -0.0038307045  0.0000643036 -0.0001996052 -0.0000578444 -0.0020022029 -0.0003606003  0.0333475639 -0.0020784878  0.0010543719  0.0003441067 -0.0000784555  0.0000117545  0.0280809851  0.0005063075  0.0538337160  0.9949319657 -0.0126323149  0.0070399433
  0.0000005356 -0.0071835355  0.0001884516  0.0000255621 -0.0001468277  0.0000066497  0.0000718033  0.0000292619  0.0003516906  0.0303114620  0.0028596147  0.0020508311 -0.0006411911  0.0000022079 -0.0000846597  0.0248141866  0.0005109085 -0.0126323149  0.0017635314 -0.0012099897
 -0.0000002190  0.0020790324 -0.0000806180 -0.0000064487  0.0000411278 -0.0000023534 -0.0000357138 -0.0000107450  0.0006946080 -0.0124080643 -0.0276053916 -0.0006910982  0.0001801077 -0.0000004928  0.0002047897 -0.0260139911 -0.0001916537  0.0070399433 -0.0012099897  0.0016519023
 3
  0.1595578900  0.0000168114  0.0000131122 -0.0423438665 -0.0025473946  0.0201557475  0.0004144014  0.0003275361 -0.0000009133 -0.0000008281  0.0000001728  0.0000801989  0.0004944241  0.3631706109 -0.0000173903 -0.0000000356  0.0000011105 -0.0000035275  0.0000000838 -0.0000000429
  0.0000168114  0.7853297109  0.0747407068  0.0000225947 -0.0012259013 -0.0001207055 -0.0027480459  0.0018889051  0.0137491879  0.0010536084  0.0017550495  0.0160650618 -0.0007771196  0.0000184545  0.3915622499 -0.0001806455 -0.0944699398 -0.0156259355 -0.0066638538  0.0014316045
  0.0000131122  0.0747407068  0.2056952530  0.0035034748 -0.0123845972  0.0006569410  0.0145606445  0.0004174581 -0.0013154738 -0.0030450884  0.0001886945  0.3854923960 -0.0927231116  0.0003280157 -0.0140647288 -0.0001497123  0.0009192873 -0.0029100440  0.0000867876 -0.0000519636
 -0.0423438665  0.0000225947  0.0035034748  0.8261878191  0.0184633718  0.3657791569  0.0100014879  0.0841370169 -0.0000635386 -0.0000021241 -0.0000023099 -0.0008387871 -0.0001545359 -0.0219200538 -0.0007686165  0.0000014242  0.0002448163  0.0000482242  0.0000187183 -0.0000047502
 -0.0025473946 -0.0012259013 -0.0123845972  0.0184633718  0.8132066875  0.0559990248 -0.0896813296 -0.3740235645  0.0003930580  0.0000789033  0.0000052701  0.0004042165 -0.0172944100 -0.0006823507  0.0050696205 -0.0000029816 -0.0012007439 -0.0000745585 -0.0001022417  0.0000286651
  0.0201557475 -0.0001207055  0.0006569410  0.3657791569  0.0559990248  0.1744221232  0.0001003221  0.0159887429 -0.0000005228  0.0000059667 -0.0000023356 -0.0011322682 -0.0024809289  0.0799935829 -0.0000137393  0.0000000954  0.0000315537  0.0000435182  0.0000010851  0.0000003512
  0.0004144014 -0.0027480459  0.0145606445  0.0100014879 -0.0896813296  0.0001003221  0.1961888765  0.0152340410 -0.0000735709  0.0001803344 -0.0001139781 -0.0711581755 -0.3795115510  0.0017848717 -0.0006996663  0.0000057936  0.0012121839  0.0025505346  0.0000671959  0.0000047828
  0.0003275361  0.0018889051  0.0004174581  0.0841370169 -0.3740235645  0.0159887429  0.0152340410  0.1866193748 -0.0000550373 -0.0000797040  0.0000081453  0.0025909639  0.0653808672  0.0067816193 -0.0009777573 -0.0000051571  0.0000481725 -0.0001576352  0.0000026109 -0.0000009633
 -0.0000009133  0.0137491879 -0.0013154738 -0.0000635386  0.0003930580 -0.0000005228 -0.0000735709 -0.0000550373  0.2402325456 -0.4088301908  0.0782154643 -0.0066785528  0.0014832371 -0.0000071048  0.0009909008 -0.0035690744 -0.0122725245  0.0936163029 -0.0097284841 -0.0005953994
 -0.0000008281  0.0010536084 -0.0030450884 -0.0000021241  0.0000789033  0.0000059667  0.0001803344 -0.0000797040 -0.4088301908  0.7605833873 -0.0153230025 -0.0016683847  0.0001043531 -0.0000008555 -0.0030463482  0.0014211759 -0.0781205294  0.0152560146  0.0907744374 -0.0109222335
  0.0000001728  0.0017550495  0.0001886945 -0.0000023099  0.0000052701 -0.0000023356 -0.0001139781  0.0000081453  0.0782154643 -0.0153230025  0.7304652191 -0.0001231163  0.0001019155  0.0000000856  0.0033338969 -0.0091707384  0.0030907974  0.0011333137  0.4270947634 -0.0895219719
  0.0000801989  0.0160650618  0.3854923960 -0.0008387871  0.0004042165 -0.0011322682 -0.0711581755  0.0025909639 -0.0066785528 -0.0016683847 -0.0001231163  0.7944043662  0.0166495501  0.0000150112 -0.0941719164 -0.0000231822  0.0139468280  0.0010106330  0.0015844531 -0.0004851776
  0.0004944241 -0.0007771196 -0.0927231116 -0.0001545359 -0.0172944100 -0.0024809289 -0.3795115510  0.0653808672  0.0014832371  0.0001043531  0.0001019155  0.0166495501  0.8037914217  0.0004227057  0.0135475760 -0.0000206814 -0.0061412767 -0.0015138490 -0.0004819907  0.0001168293
  0.3631706109  0.0000184545  0.0003280157 -0.0219200538 -0.0006823507  0.0799935829  0.0017848717  0.0067816193 -0.0000071048 -0.0000008555  0.0000000856  0.0000150112  0.0004227057  0.8334332116 -0.0000975456  0.0000001523  0.0000237184 -0.0000002412  0.0000018510 -0.0000005256
 -0.0000173903  0.3915622499 -0.0140647288 -0.0007686165  0.0050696205 -0.0000137393 -0.0006996663 -0.0009777573  0.0009909008 -0.0030463482  0.0033338969 -0.0941719164  0.0135475760 -0.0000975456  0.2148894310 -0.0001633582 -0.0134370531 -0.0768770706 -0.0012129803 -0.0000623662
 -0.0000000356 -0.0001806455 -0.0001497123  0.0000014242 -0.0000029816  0.0000000954  0.0000057936 -0.0000051571 -0.0035690744  0.0014211759 -0.0091707384 -0.0000231822 -0.0000206814  0.0000001523 -0.0001633582  0.7279236864 -0.0035281288  0.0010048046 -0.0811191848 -0.4374449342
  0.0000011105 -0.0944699398  0.0009192873  0.0002448163 -0.0012007439  0.0000315537  0.0012121839  0.0000481725 -0.0122725245 -0.0781205294  0.0030907974  0.0139468280 -0.0061412767  0.0000237184 -0.0134370531 -0.0035281288  0.2253728542 -0.3986996179  0.0010543658 -0.0009098234
 -0.0000035275 -0.0156259355 -0.0029100440  0.0000482242 -0.0000745585  0.0000435182  0.0025505346 -0.0001576352  0.0936163029  0.0152560146  0.0011333137  0.0010106330 -0.0015138490 -0.0000002412 -0.0768770706  0.0010048046 -0.3986996179  0.7750610141 -0.0130868136  0.0060959944
  0.0000000838 -0.0066638538  0.0000867876  0.0000187183 -0.0001022417  0.0000010851  0.0000671959  0.0000026109 -0.0097284841  0.0907744374  0.4270947634  0.0015844531 -0.0004819907  0.0000018510 -0.0012129803 -0.0811191848  0.0010543658 -0.0130868136  0.2711269694 -0.0084388745
 -0.0000000429  0.0014316045 -0.0000519636 -0.0000047502  0.0000286651  0.0000003512  0.0000047828 -0.0000009633 -0.0005953994 -0.0109222335 -0.0895219719 -0.0004851776  0.0001168293 -0.0000005256 -0.0000623662 -0.4374449342 -0.0009098234  0.0060959944 -0.0084388745  0.2755081586
 4
  0.3650541347 -0.0001857199 -0.0000629066  0.0406523225 -0.0070113419 -0.0078534039 -0.0002736911 -0.0017340702 -0.0000006737  0.0000242227  0.0000085914  0.0005483777 -0.0017951010  0.4796035014  0.0000129061  0.0000029727 -0.0000020306 -0.0000663537  0.0000009941 -0.0000009597
 -0.0001857199  0.3270850868 -0.0739952913 -0.0002888292  0.0012733826 -0.0013444565 -0.0208080623 -0.0059667211 -0.0102982203 -0.0044991587 -0.0014607823 -0.0146883947  0.0045733581 -0.0001171029  0.4567374327 -0.0002688320  0.0703953909  0.0146725875  0.0027404829 -0.0006608753
 -0.0000629066 -0.0739952913  0.6602373880 -0.0011632402  0.0074883626 -0.0006232378 -0.0128880676 -0.0035232624  0.0009086338  0.0080173241  0.0027385622  0.4618945962  0.0671961676 -0.0001280931  0.0128619597  0.0009335801 -0.0036674035 -0.0223159544 -0.0000669568 -0.0001403289
  0.0406523225 -0.0002888292 -0.0011632402  0.3972969427 -0.0148235048  0.4836353826 -0.0051524061 -0.0535683935  0.0000219496  0.0000266178  0.0000079468  0.0009889401 -0.0037782183  0.0276342204  0.0002765697  0.0000015192 -0.0000781619 -0.0000864833 -0.0000058663  0.0000014094
 -0.0070113419  0.0012733826  0.0074883626 -0.0148235048  0.3683638600 -0.0580057860  0.0624935287 -0.4741487754 -0.0001269143 -0.0001100440 -0.0000304737 -0.0042782457  0.0144562604 -0.0052086294 -0.0018361127 -0.0000040851  0.0004413653  0.0003840828  0.0000352467 -0.0000103306
 -0.0078534039 -0.0013444565 -0.0006232378  0.4836353826 -0.0580057860  0.6025574037 -0.0028159941 -0.0118136684 -0.0000006125  0.0001718495  0.0000606975  0.0040488862 -0.0134968642 -0.0424725668  0.0001495924  0.0000210444 -0.0000283680 -0.0004745519  0.0000058520 -0.0000062374
 -0.0002736911 -0.0208080623 -0.0128880676 -0.0051524061  0.0624935287 -0.0028159941  0.6465008713 -0.0127085653  0.0002044641  0.0025644195  0.0008895124  0.0716062894 -0.4675824643 -0.0005781319  0.0037663644  0.0003055602 -0.0010278950 -0.0072808777  0.0000198236 -0.0000637913
 -0.0017340702 -0.0059667211 -0.0035232624 -0.0535683935 -0.4741487754 -0.0118136684 -0.0127085653  0.6308532602  0.0000258199  0.0007407864  0.0002596472  0.0180605893 -0.0670702459 -0.0028813256  0.0009140822  0.0000896925 -0.0002205704 -0.0020695655  0.0000162021 -0.0000231252
 -0.0000006737 -0.0102982203  0.0009086338  0.0000219496 -0.0001269143 -0.0000006125  0.0002044641  0.0000258199  0.7069443140 -0.4429513243 -0.0727730514  0.0026842879 -0.0005627760  0.0000017992 -0.0031340521 -0.0216401897  0.0112483993 -0.0698540937  0.0085649547 -0.0004456475
  0.0000242227 -0.0044991587  0.0080173241  0.0000266178 -0.0001100440  0.0001718495  0.0025644195  0.0007407864 -0.4429513243  0.2937071660  0.0147555540  0.0015206606 -0.0004415525  0.0000144018 -0.0229149471  0.0030531741  0.0752918832 -0.0146645292 -0.0664059465  0.0098684643
  0.0000085914 -0.0014607823  0.0027385622  0.0000079468 -0.0000304737  0.0000606975  0.0008895124  0.0002596472 -0.0727730514  0.0147555540  0.2574654960  0.0004367592 -0.0001188991  0.0000049800 -0.0080459036  0.0118961372  0.0221338434 -0.0042623686  0.4251472080  0.0647162355
  0.0005483777 -0.0146883947  0.4618945962  0.0009889401 -0.0042782457  0.0040488862  0.0716062894  0.0180605893  0.0026842879  0.0015206606  0.0004367592  0.3394820691 -0.0146586083  0.0003613251  0.0695428889  0.0000670619 -0.0099662651 -0.0046195246 -0.0006118117  0.0001821904
 -0.0017951010  0.0045733581  0.0671961676 -0.0037782183  0.0144562604 -0.0134968642 -0.4675824643 -0.0670702459 -0.0005627760 -0.0004415525 -0.0001188991 -0.0146586083  0.3529750910 -0.0012263117 -0.0090734234 -0.0000158308  0.0023649329  0.0014693081  0.0001578679 -0.0000473514
  0.4796035014 -0.0001171029 -0.0001280931  0.0276342204 -0.0052086294 -0.0424725668 -0.0005781319 -0.0028813256  0.0000017992  0.0000144018  0.0000049800  0.0003613251 -0.0012263117  0.6318160791  0.0000334373  0.0000015835 -0.0000085001 -0.0000406520 -0.0000000579 -0.0000003528
  0.0000129061  0.4567374327  0.0128619597  0.0002765697 -0.0018361127  0.0001495924  0.0037663644  0.0009140822 -0.0031340521 -0.0229149471 -0.0080459036  0.0695428889 -0.0090734234  0.0000334373  0.6728582858 -0.0027151223  0.0124357183  0.0751431950  0.0004903918  0.0002341276
  0.0000029727 -0.0002688320  0.0009335801  0.0000015192 -0.0000040851  0.0000210444  0.0003055602  0.0000896925 -0.0216401897  0.0030531741  0.0118961372  0.0000670619 -0.0000158308  0.0000015835 -0.0027151223  0.2362218944  0.0077597567 -0.0010517345  0.0734415380 -0.4175387065
 -0.0000020306  0.0703953909 -0.0036674035 -0.0000781619  0.0004413653 -0.0000283680 -0.0010278950 -0.0002205704  0.0112483993  0.0752918832  0.0221338434 -0.0099662651  0.0023649329 -0.0000085001  0.0124357183  0.0077597567  0.6868588861 -0.4511146472 -0.0019873339 -0.0001814455
 -0.0000663537  0.0146725875 -0.0223159544 -0.0000864833  0.0003840828 -0.0004745519 -0.0072808777 -0.0020695655 -0.0698540937 -0.0146645292 -0.0042623686 -0.0046195246  0.0014693081 -0.0000406520  0.0751431950 -0.0010517345 -0.4511146472  0.3133526951  0.0098112077 -0.0026863175
  0.0000009941  0.0027404829 -0.0000669568 -0.0000058663  0.0000352467  0.0000058520  0.0000198236  0.0000162021  0.0085649547 -0.0664059465  0.4251472080 -0.0006118117  0.0001578679 -0.0000000579  0.0004903918  0.0734415380 -0.0019873339  0.0098112077  0.7433273018  0.0075194660
 -0.0000009597 -0.0006608753 -0.0001403289  0.0000014094 -0.0000103306 -0.0000062374 -0.0000637913 -0.0000231252 -0.0004456475  0.0098684643  0.0647162355  0.0001821904 -0.0000473514 -0.0000003528  0.0002341276 -0.4175387065 -0.0001814455 -0.0026863175  0.0075194660  0.7670417743

 Matrices of measurement operators of Bob (in Schmidt basis)
   dimensionalities of subspaces: 10 10 10  9
 1
  0.0629417634 -0.0001258027 -0.0001245108  0.0291223627 -0.0050376399 -0.0047483505 -0.0004064507 -0.0012958514  0.0000059616  0.0000161199  0.0000057562  0.0003776957 -0.0012386543  0.2409989710  0.0000436646  0.0000019288 -0.0000156724 -0.0000445996 -0.0000021780  0.0000011597
 -0.0001258027  0.7509461226 -0.0692238461 -0.0005253224  0.0019728541 -0.0011590034 -0.0184251546 -0.0052975409 -0.0118699702 -0.0046062441 -0.0027335733 -0.0170658231  0.0043763977 -0.0001261199  0.4142939390 -0.0011881347  0.0969930808  0.0176471823  0.0044717440 -0.0010349597
 -0.0001245108 -0.0692238461  0.2380139042 -0.0018984571  0.0088551551 -0.0011467764 -0.0147709753 -0.0035722596  0.0020090777  0.0072618943  0.0024975840  0.4085261127  0.0930891901 -0.0002185427  0.0151113182  0.0008553198 -0.0036422702 -0.0197948442 -0.0006937144  0.0003841055
  0.0291223627 -0.0005253224 -0.0018984571  0.8066897089 -0.0165541492  0.3849295342 -0.0062908768 -0.0779655384  0.0000449813  0.0000751939  0.0000282396  0.0015479429 -0.0039797827  0.0225378098  0.0004339213  0.0000110519 -0.0001391165 -0.0001992054 -0.0000150010  0.0000064722
 -0.0050376399  0.0019728541  0.0088551551 -0.0165541492  0.7852450442 -0.0526177140  0.0879057593 -0.3967937409 -0.0002193711 -0.0002842919 -0.0001078292 -0.0042594878  0.0163540838 -0.0040979159 -0.0029552543 -0.0000447404  0.0006700931  0.0007066619  0.0000675229 -0.0000271564
 -0.0047483505 -0.0011590034 -0.0011467764  0.3849295342 -0.0526177140  0.1921165554 -0.0030650991 -0.0135882899  0.0000531584  0.0001468532  0.0000523952  0.0035076781 -0.0117490281 -0.0624377415  0.0003800317  0.0000177878 -0.0001413080 -0.0004066630 -0.0000195260  0.0000102508
 -0.0004064507 -0.0184251546 -0.0147709753 -0.0062908768  0.0879057593 -0.0030650991  0.2265014898 -0.0144916699  0.0006764075  0.0022919822  0.0008055246  0.0666809300 -0.4026673162 -0.0009325035  0.0036766805  0.0002751090 -0.0018622145 -0.0065298110 -0.0002624791  0.0001371184
 -0.0012958514 -0.0052975409 -0.0035722596 -0.0779655384 -0.3967937409 -0.0135882899 -0.0144916699  0.2137977662  0.0002221609  0.0006536195  0.0002320531  0.0159620649 -0.0620813939 -0.0034034361  0.0015977886  0.0000790156 -0.0005602214 -0.0018294238 -0.0000811307  0.0000429272
  0.0000059616 -0.0118699702  0.0020090777  0.0000449813 -0.0002193711  0.0000531584  0.0006764075  0.0002221609  0.2788953912 -0.4308999285 -0.0706896974  0.0043244682 -0.0008526791  0.0000078504 -0.0035343307 -0.0203090008  0.0153488675 -0.0969129776  0.0144171724 -0.0039414248
  0.0000161199 -0.0046062441  0.0072618943  0.0000751939 -0.0002842919  0.0001468532  0.0022919822  0.0006536195 -0.4308999285  0.7212676783  0.0209468690  0.0025218141 -0.0008482658  0.0000167934 -0.0204247446  0.0064521415  0.0716117605 -0.0188182672 -0.0936034195  0.0117261372
  0.0000057562 -0.0027335733  0.0024975840  0.0000282396 -0.0001078292  0.0000523952  0.0008055246  0.0002320531 -0.0706896974  0.0209468690  0.6853768013  0.0009390700 -0.0003467289  0.0000061166 -0.0074315317  0.0214649971  0.0200089577 -0.0048588845  0.4478499555  0.0931379779
  0.0003776957 -0.0170658231  0.4085261127  0.0015479429 -0.0042594878  0.0035076781  0.0666809300  0.0159620649  0.0043244682  0.0025218141  0.0009390700  0.7616266175 -0.0167036481  0.0003633194  0.0957904283  0.0004424468 -0.0114437586 -0.0044198923 -0.0009348205  0.0003302470
 -0.0012386543  0.0043763977  0.0930891901 -0.0039797827  0.0163540838 -0.0117490281 -0.4026673162 -0.0620813939 -0.0008526791 -0.0008482658 -0.0003467289 -0.0167036481  0.7729198008 -0.0011860366 -0.0105100438 -0.0001486338  0.0037889232  0.0022778239  0.0002726715 -0.0000961686
  0.2409989710 -0.0001261199 -0.0002185427  0.0225378098 -0.0040979159 -0.0624377415 -0.0009325035 -0.0034034361  0.0000078504  0.0000167934  0.0000061166  0.0003633194 -0.0011860366  0.9329921659  0.0000684522  0.0000022188 -0.0000223638 -0.0000453580 -0.0000027154  0.0000012945
  0.0000436646  0.4142939390  0.0151113182  0.0004339213 -0.0029552543  0.0003800317  0.0036766805  0.0015977886 -0.0035343307 -0.0204247446 -0.0074315317  0.0957904283 -0.0105100438  0.0000684522  0.2488245036 -0.0025200463  0.0153380805  0.0707143984  0.0019313522 -0.0009414145
  0.0000019288 -0.0011881347  0.0008553198  0.0000110519 -0.0000447404  0.0000177878  0.0002751090  0.0000790156 -0.0203090008  0.0064521415  0.0214649971  0.0004424468 -0.0001486338  0.0000022188 -0.0025200463  0.6746437860  0.0073798999 -0.0032704982  0.0747789956 -0.4614313198
 -0.0000156724  0.0969930808 -0.0036422702 -0.0001391165  0.0006700931 -0.0001413080 -0.0018622145 -0.0005602214  0.0153488675  0.0716117605  0.0200089577 -0.0114437586  0.0037889232 -0.0000223638  0.0153380805  0.0073798999  0.2610576732 -0.4210311811 -0.0030492884  0.0023644635
 -0.0000445996  0.0176471823 -0.0197948442 -0.0001992054  0.0007066619 -0.0004066630 -0.0065298110 -0.0018294238 -0.0969129776 -0.0188182672 -0.0048588845 -0.0044198923  0.0022778239 -0.0000453580  0.0707143984 -0.0032704982 -0.4210311811  0.7387977732  0.0115042794 -0.0045010723
 -0.0000021780  0.0044717440 -0.0006937144 -0.0000150010  0.0000675229 -0.0000195260 -0.0002624791 -0.0000811307  0.0144171724 -0.0936034195  0.4478499555 -0.0009348205  0.0002726715 -0.0000027154  0.0019313522  0.0747789956 -0.0030492884  0.0115042794  0.3144897194  0.0169739965
  0.0000011597 -0.0010349597  0.0003841055  0.0000064722 -0.0000271564  0.0000102508  0.0001371184  0.0000429272 -0.0039414248  0.0117261372  0.0931379779  0.0003302470 -0.0000961686  0.0000012945 -0.0009414145 -0.4614313198  0.0023644635 -0.0045010723  0.0169739965  0.3328557349
 2
  0.0464383600 -0.0000093899  0.0001611863 -0.0272778703  0.0005418286  0.0132213572  0.0005260871  0.0023364688 -0.0000032952  0.0000018429  0.0000006010  0.0000178757  0.0001696079 -0.2082231153 -0.0000413750  0.0000002070  0.0000124140 -0.0000048531  0.0000008675 -0.0000001865
 -0.0000093899  0.9961687027  0.0446305830  0.0002729185 -0.0006846036  0.0000842889  0.0052662784  0.0015583009 -0.0077061530  0.0017656509  0.0000294648  0.0006875896 -0.0023369379  0.0000307258  0.0062268111  0.0000773357  0.0405741289  0.0005187949  0.0061593615 -0.0015274018
  0.0001611863  0.0446305830  0.0040870300 -0.0030320010  0.0076081173  0.0006219098  0.0019335679  0.0023653510 -0.0005909026 -0.0023716365 -0.0002772892 -0.0073375996  0.0436287046 -0.0002140638 -0.0006883258  0.0000549328  0.0021152725  0.0057499593  0.0004221703 -0.0001490157
 -0.0272778703  0.0002729185 -0.0030320010  0.9921750537  0.0046892062 -0.0648590485 -0.0065791419 -0.0513374228  0.0000516745 -0.0000238536 -0.0000050088 -0.0006332690  0.0025990106 -0.0097576950  0.0006687159  0.0000007130 -0.0002025573  0.0000758173 -0.0000131619  0.0000025260
  0.0005418286 -0.0006846036  0.0076081173  0.0046892062  0.9949517085  0.0350940561  0.0468315581  0.0384004423 -0.0003559190  0.0000965129  0.0000286329  0.0025153611 -0.0031085497  0.0022755287 -0.0044925350 -0.0000008077  0.0010806066 -0.0003544488  0.0000926776 -0.0000224982
  0.0132213572  0.0000842889  0.0006219098 -0.0648590485  0.0350940561  0.0083597081  0.0022800688  0.0050737341 -0.0000283325  0.0000039096  0.0000027974 -0.0008217340  0.0025384078 -0.0513633609 -0.0002712225  0.0000021886  0.0000807643  0.0000128065  0.0000081908 -0.0000024556
  0.0005260871  0.0052662784  0.0019335679 -0.0065791419  0.0468315581  0.0022800688  0.0046967094  0.0032845490 -0.0004338199 -0.0002802712 -0.0000528754 -0.0435211777  0.0220076891 -0.0012160754 -0.0022893519  0.0000322051  0.0007017747  0.0021209296  0.0001356267 -0.0000566900
  0.0023364688  0.0015583009  0.0023653510 -0.0513374228  0.0384004423  0.0050737341  0.0032845490  0.0058900349 -0.0001206706 -0.0000395025  0.0000030586 -0.0042165825  0.0408025177 -0.0034432681 -0.0007195750  0.0000104327  0.0003794984  0.0002068831  0.0000443147 -0.0000139777
 -0.0000032952 -0.0077061530 -0.0005909026  0.0000516745 -0.0003559190 -0.0000283325 -0.0004338199 -0.0001206706  0.0052827691 -0.0434722993  0.0402507989  0.0060445361 -0.0013666638  0.0000028040  0.0018753303  0.0018413452  0.0022052246 -0.0401201604  0.0048089352  0.0013781077
  0.0000018429  0.0017656509 -0.0023716365 -0.0000238536  0.0000965129  0.0000039096 -0.0002802712 -0.0000395025 -0.0434722993  0.9945602664  0.0046456514 -0.0004010936  0.0003588568 -0.0000019412  0.0056195525 -0.0003801689 -0.0433328201 -0.0020980173 -0.0389905285  0.0074483539
  0.0000006010  0.0000294648 -0.0002772892 -0.0000050088  0.0000286329  0.0000027974 -0.0000528754  0.0000030586  0.0402507989  0.0046456514  0.9892968979 -0.0002779168  0.0000785474 -0.0000003048  0.0022965717  0.0072393059 -0.0048211594  0.0012577709  0.0854651819  0.0394951558
  0.0000178757  0.0006875896 -0.0073375996 -0.0006332690  0.0025153611 -0.0008217340 -0.0435211777 -0.0042165825  0.0060445361 -0.0004010936 -0.0002779168  0.9961663952  0.0018573969 -0.0001293876  0.0416827120 -0.0000019266 -0.0077912829  0.0021054843 -0.0014964923  0.0005026965
  0.0001696079 -0.0023369379  0.0436287046  0.0025990106 -0.0031085497  0.0025384078  0.0220076891  0.0408025177 -0.0013666638  0.0003588568  0.0000785474  0.0018573969  0.9958039960  0.0003964288 -0.0078260274  0.0000052730  0.0054725184 -0.0006059130  0.0004613866 -0.0001157079
 -0.2082231153  0.0000307258 -0.0002140638 -0.0097576950  0.0022755287 -0.0513633609 -0.0012160754 -0.0034432681  0.0000028040 -0.0000019412 -0.0000003048 -0.0001293876  0.0003964288  0.9515428992  0.0000558161  0.0000002360 -0.0000125452  0.0000090260 -0.0000005326  0.0000000089
 -0.0000413750  0.0062268111 -0.0006883258  0.0006687159 -0.0044925350 -0.0002712225 -0.0022893519 -0.0007195750  0.0018753303  0.0056195525  0.0022965717  0.0416827120 -0.0078260274  0.0000558161  0.0039162062 -0.0000691608  0.0005861057 -0.0446700549 -0.0003722609  0.0004345250
  0.0000002070  0.0000773357  0.0000549328  0.0000007130 -0.0000008077  0.0000021886  0.0000322051  0.0000104327  0.0018413452 -0.0003801689  0.0072393059 -0.0000019266  0.0000052730  0.0000002360 -0.0000691608  0.9859430279 -0.0010932288 -0.0004336911 -0.0311610390 -0.1132741030
  0.0000124140  0.0405741289  0.0021152725 -0.0002025573  0.0010806066  0.0000807643  0.0007017747  0.0003794984  0.0022052246 -0.0433328201 -0.0048211594 -0.0077912829  0.0054725184 -0.0000125452  0.0005861057 -0.0010932288  0.0041276119 -0.0213953554  0.0014472940 -0.0003182505
 -0.0000048531  0.0005187949  0.0057499593  0.0000758173 -0.0003544488  0.0000128065  0.0021209296  0.0002068831 -0.0401201604 -0.0020980173  0.0012577709  0.0021054843 -0.0006059130  0.0000090260 -0.0446700549 -0.0004336911 -0.0213953554  0.9957781967  0.0073981504 -0.0061211775
  0.0000008675  0.0061593615  0.0004221703 -0.0000131619  0.0000926776  0.0000081908  0.0001356267  0.0000443147  0.0048089352 -0.0389905285  0.0854651819 -0.0014964923  0.0004613866 -0.0000005326 -0.0003722609 -0.0311610390  0.0014472940  0.0073981504  0.0100628425  0.0067322743
 -0.0000001865 -0.0015274018 -0.0001490157  0.0000025260 -0.0000224982 -0.0000024556 -0.0000566900 -0.0000139777  0.0013781077  0.0074483539  0.0394951558  0.0005026965 -0.0001157079  0.0000000089  0.0004345250 -0.1132741030 -0.0003182505 -0.0061211775  0.0067322743  0.0147515837
 3
  0.5631947692  0.0000093245 -0.0000340473 -0.0287252924 -0.0016563557  0.0020341115 -0.0001442519 -0.0006747804  0.0000007600 -0.0000004496  0.0000000206  0.0000375053  0.0003049633  0.4951503062  0.0000106294 -0.0000000334 -0.0000025189 -0.0000011166 -0.0000001652  0.0000000218
  0.0000093245  0.2468354041  0.0527398076 -0.0000671583  0.0001412743 -0.0000959548 -0.0040340259  0.0011900054  0.0027982175 -0.0009571474  0.0000465168  0.0027731639  0.0011842946 -0.0000057118  0.4247062839  0.0000591171 -0.0520020384 -0.0026040337 -0.0020374553  0.0002454106
 -0.0000340473  0.0527398076  0.7423087620  0.0008389354 -0.0026184575 -0.0001988050  0.0018532919 -0.0010528849  0.0002598056 -0.0019147921  0.0002174565  0.4314565260 -0.0480733643  0.0000567875 -0.0014759519 -0.0000794071 -0.0010493005 -0.0044690120 -0.0000869978  0.0000219098
 -0.0287252924 -0.0000671583  0.0008389354  0.3020246609  0.0043342747  0.4565441413  0.0021108116  0.0378196198 -0.0000121304  0.0000044986  0.0000008044  0.0001250229 -0.0010350595 -0.0096272334 -0.0001512419 -0.0000003673  0.0000483025 -0.0000171100  0.0000035794 -0.0000006047
 -0.0016563557  0.0001412743 -0.0026184575  0.0043342747  0.2820006095  0.0409597934 -0.0442108188 -0.4458681254  0.0000798493 -0.0000232656 -0.0000051781 -0.0011536216 -0.0035979683 -0.0010530742  0.0013089315  0.0000014059 -0.0002429429  0.0000934234 -0.0000201276  0.0000039150
  0.0020341115 -0.0000959548 -0.0001988050  0.4565441413  0.0409597934  0.6980323608 -0.0009113935  0.0026512789  0.0000051011  0.0000036300 -0.0000011482 -0.0007184344 -0.0027061956  0.0255545556  0.0000647025 -0.0000000612 -0.0000216872  0.0000229411 -0.0000015712  0.0000000023
 -0.0001442519 -0.0040340259  0.0018532919  0.0021108116 -0.0442108188 -0.0009113935  0.7305829665  0.0023498160  0.0001008661  0.0001979037 -0.0000568063 -0.0506423008 -0.4384948148  0.0003411827  0.0010950137  0.0000059259 -0.0002571180  0.0016066911 -0.0000391935  0.0000003777
 -0.0006747804  0.0011900054 -0.0010528849  0.0378196198 -0.4458681254  0.0026512789  0.0023498160  0.7179957609  0.0000329768 -0.0000400469  0.0000062471  0.0034386254  0.0471232136  0.0010461500  0.0002399151 -0.0000026691 -0.0000937191 -0.0001530946 -0.0000074563  0.0000010801
  0.0000007600  0.0027982175  0.0002598056 -0.0000121304  0.0000798493  0.0000051011  0.0001008661  0.0000329768  0.7821919300 -0.4055137084  0.0554989322 -0.0019073521  0.0003075911 -0.0000012284 -0.0008677190 -0.0050342004 -0.0005332709  0.0529839015  0.0007126910  0.0006207383
 -0.0000004496 -0.0009571474 -0.0019147921  0.0000044986 -0.0000232656  0.0000036300  0.0001979037 -0.0000400469 -0.4055137084  0.2178416802 -0.0036456335  0.0000643460 -0.0000949305  0.0000003817 -0.0047423782 -0.0003414281 -0.0549098440  0.0027767166  0.0536490734 -0.0019381068
  0.0000000206  0.0000465168  0.0002174565  0.0000008044 -0.0000051781 -0.0000011482 -0.0000568063  0.0000062471  0.0554989322 -0.0036456335  0.1873847547  0.0000693174 -0.0000194129  0.0000000759  0.0020975366 -0.0024921843  0.0047020335 -0.0006705062  0.3820720509 -0.0562672817
  0.0000375053  0.0027731639  0.4314565260  0.0001250229 -0.0011536216 -0.0007184344 -0.0506423008  0.0034386254 -0.0019073521  0.0000643460  0.0000693174  0.2577455762  0.0031505033  0.0000386145 -0.0504878736 -0.0000163511  0.0028337253 -0.0011303191  0.0003524658 -0.0000864906
