 M_A= 4   M_B= 4
 Bell coefficients, M_A lines, M_B columns:
       | -2 -2  0 -1
   -----------------
    -2 |  1  2  1  2
    -2 |  2 -2  2 -2
     0 |  1  2 -1 -2
     0 |  1 -1 -1  1

 Classical limit=  0.

-----------------------------------------------

 Limit with real qubits without degenerate measurements:  0.22285346

 Vector (Schmidt coefficients)  0.83326427  0.55287490

 Matrices of measurement operators of Alice (in Schmidt basis)
   dimensionalities of subspaces: 1 1 1 1
 1
 0.7314095-0.4432264
-0.4432264 0.2685905
 2
 0.9271857 0.2598314
 0.2598314 0.0728143
 3
 0.9267443-0.2605558
-0.2605558 0.0732557
 4
 0.0732559 0.2605561
 0.2605561 0.9267441

 Matrices of measurement operators of Bob (in Schmidt basis)
   dimensionalities of subspaces: 1 1 1 1
 1
 0.9992450 0.0274666
 0.0274666 0.0007550
 2
 0.5749675-0.4943479
-0.4943479 0.4250325
 3
 0.9992450 0.0274666
 0.0274666 0.0007550
 4
 0.0155241-0.1236248
-0.1236248 0.9844759

-----------------------------------------------

 Limit with real qubits allowing degenerate measurements:  0.43432356

 Vector (Schmidt coefficients)  0.72358173  0.69023871

 Matrices of measurement operators of Alice (in Schmidt basis)
   dimensionalities of subspaces: 1 1 0 1
 1
 0.9832422-0.1283628
-0.1283628 0.0167578
 2
 0.7105005 0.4535301
 0.4535301 0.2894995
 3
 0.0000000 0.0000000
 0.0000000 0.0000000
 4
 0.7734347-0.4186089
-0.4186089 0.2265653

 Matrices of measurement operators of Bob (in Schmidt basis)
   dimensionalities of subspaces: 1 0 1 1
 1
 0.9781936 0.1460509
 0.1460509 0.0218064
 2
 0.0000000 0.0000000
 0.0000000 0.0000000
 3
 0.7465696 0.4349752
 0.4349752 0.2534304
 4
 0.7247430-0.4466437
-0.4466437 0.2752570


-----------------------------------------------

 Maximum value found with 4-dimensional real spaces:  0.46847578

 Vector (Schmidt coefficients)  0.50981840  0.48999333  0.48995348  0.50984048

 Matrices of measurement operators of Alice (in Schmidt basis)
   dimensionalities of subspaces: 2 2 2 2
 1
 0.996606 0.004539 0.057979 0.000246
 0.004539 0.003604 0.000237-0.059754
 0.057979 0.000237 0.003373 0.000463
 0.000246-0.059754 0.000463 0.996416
 2
 0.601822 0.291546-0.393233-0.001077
 0.291546 0.396754-0.002132 0.392857
-0.393233-0.002132 0.395801 0.290699
-0.001077 0.392857 0.290699 0.605623
 3
 0.732008-0.227262 0.215373 0.313271
-0.227262 0.801175 0.244686 0.218575
 0.215373 0.244686 0.196220 0.226850
 0.313271 0.218575 0.226850 0.270598
 4
 0.393826 0.101837 0.239415-0.413566
 0.101837 0.724232 0.363356 0.239419
 0.239415 0.363356 0.275751-0.101810
-0.413566 0.239419-0.101810 0.606191

 Matrices of measurement operators of Bob (in Schmidt basis)
   dimensionalities of subspaces: 2 1 2 1
 1
 0.944144 0.181953-0.109289-0.087664
 0.181953 0.341609 0.143968 0.413617
-0.109289 0.143968 0.101496 0.241916
-0.087664 0.413617 0.241916 0.612751
 2
 0.627914-0.299335 0.166970 0.340819
-0.299335 0.142697-0.079597-0.162473
 0.166970-0.079597 0.044399 0.090628
 0.340819-0.162473 0.090628 0.184989
 3
 0.609302 0.243570-0.413858 0.086302
 0.243570 0.103082-0.146845 0.107549
-0.413858-0.146845 0.341622 0.179092
 0.086302 0.107549 0.179092 0.945994
 4
 0.184832 0.091965 0.163478-0.339833
 0.091965 0.045758 0.081339-0.169087
 0.163478 0.081339 0.144590-0.300571
-0.339833-0.169087-0.300571 0.624820

-----------------------------------------------

 Best value,          real 4-dimensional component spaces:  0.46847578

-----------------------------------------------

 Upper limits (value, difference)

 Level 1 +ab            :    0.518988    0.050512
 Level 2                :    0.491524    0.023049
 Level 2 +aab           :    0.470024    0.001548
 Level 2 +aab+abb       :    0.468476    0.000000
 Limit reached, maximum value is known
