 M_A= 4   M_B= 4
 Bell coefficients, M_A lines, M_B columns:
       | -3 -2  0 -1
   -----------------
     0 |  1  2 -1 -1
    -1 |  1 -1 -2  2
    -2 |  1  2  1  2
    -1 |  3 -2  1 -1

 Classical limit=  0.

-----------------------------------------------

 Limit with real qubits without degenerate measurements:  0.40752051

 Vector (Schmidt coefficients)  0.73380510  0.67936005

 Matrices of measurement operators of Alice (in Schmidt basis)
   dimensionalities of subspaces: 1 1 1 1
 1
 0.0003675 0.0191659
 0.0191659 0.9996325
 2
 0.0007835-0.0279795
-0.0279795 0.9992165
 3
 0.0015108 0.0388397
 0.0388397 0.9984892
 4
 0.7296485-0.4441414
-0.4441414 0.2703515

 Matrices of measurement operators of Bob (in Schmidt basis)
   dimensionalities of subspaces: 1 1 1 1
 1
 0.2357516-0.4244676
-0.4244676 0.7642484
 2
 0.0522126 0.2224556
 0.2224556 0.9477874
 3
 0.9777731-0.1474207
-0.1474207 0.0222269
 4
 0.0158681 0.1249654
 0.1249654 0.9841319

-----------------------------------------------

 Limit with real qubits allowing degenerate measurements:  0.44067747

 Vector (Schmidt coefficients)  0.74623938  0.66567769

 Matrices of measurement operators of Alice (in Schmidt basis)
   dimensionalities of subspaces: 0 1 1 1
 1
 0.0000000 0.0000000
 0.0000000 0.0000000
 2
 0.0247773 0.1554457
 0.1554457 0.9752227
 3
 0.3702916 0.4828827
 0.4828827 0.6297084
 4
 0.8168754 0.3867686
 0.3867686 0.1831246

 Matrices of measurement operators of Bob (in Schmidt basis)
   dimensionalities of subspaces: 1 0 1 1
 1
 0.5797784 0.4935944
 0.4935944 0.4202216
 2
 0.0000000 0.0000000
 0.0000000 0.0000000
 3
 0.9493531 0.2192755
 0.2192755 0.0506469
 4
 0.0715358 0.2577178
 0.2577178 0.9284642


-----------------------------------------------

 Maximum value found with 4-dimensional real spaces:  0.44926574

 Vector (Schmidt coefficients)  0.47929934  0.50498567  0.44755661  0.56120825

 Matrices of measurement operators of Alice (in Schmidt basis)
   dimensionalities of subspaces: 2 2 2 2
 1
 0.381325 0.438156-0.002892 0.209588
 0.438156 0.510609-0.086037 0.224731
-0.002892-0.086037 0.956660 0.184530
 0.209588 0.224731 0.184530 0.151406
 2
 0.560266-0.263231 0.410600-0.092115
-0.263231 0.812148 0.264590 0.115177
 0.410600 0.264590 0.604933-0.019731
-0.092115 0.115177-0.019731 0.022653
 3
 0.608875 0.172006 0.300041-0.344290
 0.172006 0.855849 0.074451 0.297057
 0.300041 0.074451 0.147986-0.174695
-0.344290 0.297057-0.174695 0.387290
 4
 0.093950-0.049773 0.241007-0.156721
-0.049773 0.114445 0.039376 0.311961
 0.241007 0.039376 0.935119 0.032197
-0.156721 0.311961 0.032197 0.856486

 Matrices of measurement operators of Bob (in Schmidt basis)
   dimensionalities of subspaces: 2 1 1 2
 1
 0.192731-0.051030 0.364247-0.142499
-0.051030 0.385768 0.124014 0.467940
 0.364247 0.124014 0.818957-0.014535
-0.142499 0.467940-0.014535 0.602544
 2
 0.421211 0.482453-0.091516 0.051544
 0.482453 0.552598-0.104821 0.059038
-0.091516-0.104821 0.019883-0.011199
 0.051544 0.059038-0.011199 0.006307
 3
 0.052645-0.013025 0.023453-0.221707
-0.013025 0.003223-0.005803 0.054855
 0.023453-0.005803 0.010449-0.098770
-0.221707 0.054855-0.098770 0.933683
 4
 0.722288-0.082066 0.328795-0.292826
-0.082066 0.945153 0.207379 0.045798
 0.328795 0.207379 0.213675-0.130022
-0.292826 0.045798-0.130022 0.118884

-----------------------------------------------

 Best value,          real 4-dimensional component spaces:  0.44926574

-----------------------------------------------

 Upper limits (value, difference)

 Level 1 +ab            :    0.491360    0.042094
 Level 2                :    0.473337    0.024071
 Level 2 +aab           :    0.455899    0.006634
 Level 2 +aab+abb       :    0.451592    0.002327
 Level 3                :    0.449416    0.000150
 Level 3 +  25%(aabb)   :    0.449266    0.000000
 Limit reached, maximum value is known
