 M_A= 4   M_B= 4
 Bell coefficients, M_A lines, M_B columns:
       | -2 -2 -1  0
   -----------------
    -1 |  1  2 -1  1
     0 |  2 -2 -2 -1
    -1 |  1  2  2 -1
    -2 |  1 -2  2  1

 Classical limit=  0.

-----------------------------------------------

 Limit with real qubits without degenerate measurements:  0.24589658

 Vector (Schmidt coefficients)  0.83887375  0.54432604

 Matrices of measurement operators of Alice (in Schmidt basis)
   dimensionalities of subspaces: 1 1 1 1
 1
 0.9957467 0.0650784
 0.0650784 0.0042533
 2
 0.6180020-0.4858760
-0.4858760 0.3819980
 3
 0.9375664 0.2419413
 0.2419413 0.0624336
 4
 0.0014095 0.0375169
 0.0375169 0.9985905

 Matrices of measurement operators of Bob (in Schmidt basis)
   dimensionalities of subspaces: 1 1 1 1
 1
 0.9182541-0.2739773
-0.2739773 0.0817459
 2
 0.8978873 0.3027964
 0.3027964 0.1021127
 3
 0.1900249 0.3923206
 0.3923206 0.8099751
 4
 0.0649997 0.2465253
 0.2465253 0.9350003

-----------------------------------------------

 Limit with real qubits allowing degenerate measurements:  0.43432356

 Vector (Schmidt coefficients)  0.72358176  0.69023868

 Matrices of measurement operators of Alice (in Schmidt basis)
   dimensionalities of subspaces: 1 1 1 0
 1
 0.7465656 0.4349775
 0.4349775 0.2534344
 2
 0.7247478-0.4466413
-0.4466413 0.2752522
 3
 0.9781922 0.1460555
 0.1460555 0.0218078
 4
 0.0000000 0.0000000
 0.0000000 0.0000000

 Matrices of measurement operators of Bob (in Schmidt basis)
   dimensionalities of subspaces: 1 1 0 1
 1
 0.9832435-0.1283580
-0.1283580 0.0167565
 2
 0.7104957 0.4535323
 0.4535323 0.2895043
 3
 0.0000000 0.0000000
 0.0000000 0.0000000
 4
 0.2265613 0.4186063
 0.4186063 0.7734387


-----------------------------------------------

 Maximum value found with 5-dimensional real spaces:  0.43619496

 Vector (Schmidt coefficients)  0.49216837  0.42332654  0.45876570  0.47665427  0.37536605

 Matrices of measurement operators of Alice (in Schmidt basis)
   dimensionalities of subspaces: 2 2 3 1
 1
 0.029650 0.118236 0.100570 0.007782 0.067939
 0.118236 0.546178 0.207149 0.132810 0.416339
 0.100570 0.207149 0.844603-0.237867-0.147115
 0.007782 0.132810-0.237867 0.140750 0.216008
 0.067939 0.416339-0.147115 0.216008 0.438819
 2
 0.301739 0.075408-0.062687 0.446866-0.037246
 0.075408 0.179375-0.367990 0.029928-0.072121
-0.062687-0.367990 0.786286 0.086581 0.145596
 0.446866 0.029928 0.086581 0.703425-0.023173
-0.037246-0.072121 0.145596-0.023173 0.029175
 3
 0.921120 0.038805-0.007629 0.266622-0.002553
 0.038805 0.072272 0.253263 0.007858-0.036590
-0.007629 0.253263 0.930747-0.012389 0.010146
 0.266622 0.007858-0.012389 0.077520 0.014421
-0.002553-0.036590 0.010146 0.014421 0.998341
 4
 0.985700-0.038406 0.057052-0.078742-0.056262
-0.038406 0.001496-0.002223 0.003068 0.002192
 0.057052-0.002223 0.003302-0.004558-0.003256
-0.078742 0.003068-0.004558 0.006290 0.004494
-0.056262 0.002192-0.003256 0.004494 0.003211

 Matrices of measurement operators of Bob (in Schmidt basis)
   dimensionalities of subspaces: 2 2 2 2
 1
 0.677376 0.112153 0.026333 0.451857 0.033032
 0.112153 0.030095-0.102127 0.078614-0.000746
 0.026333-0.102127 0.984894-0.017538 0.058708
 0.451857 0.078614-0.017538 0.302673 0.019986
 0.033032-0.000746 0.058708 0.019986 0.004962
 2
 0.010282 0.060370 0.051855 0.000785 0.061985
 0.060370 0.390638 0.426923-0.027505 0.226661
 0.051855 0.426923 0.675987-0.104729-0.152012
 0.000785-0.027505-0.104729 0.028562 0.126573
 0.061985 0.226661-0.152012 0.126573 0.894530
 3
 0.984016-0.057075 0.016291-0.109741-0.012755
-0.057075 0.045300 0.030198 0.012169-0.197308
 0.016291 0.030198 0.023367 0.002487-0.147098
-0.109741 0.012169 0.002487 0.013041-0.025950
-0.012755-0.197308-0.147098-0.025950 0.934276
 4
 0.534738 0.041425 0.218581-0.438269-0.084969
 0.041425 0.830626 0.129173 0.031436 0.348276
 0.218581 0.129173 0.104573-0.170278 0.013405
-0.438269 0.031436-0.170278 0.364371 0.097683
-0.084969 0.348276 0.013405 0.097683 0.165691

-----------------------------------------------

 Maximum value found with 17-dimensional real spaces:  0.43638422

 Vector (Schmidt coefficients)
 0.200403067225 0.217168261515 0.249619463711 0.172776009935 0.273161102057 0.322404356310
 0.304004283284 0.333689423370 0.279577834765 0.243772153250 0.198040399468 0.224392060858
 0.176593703704 0.182489531411 0.265408925174 0.162651348196 0.222802130406

 Matrices of measurement operators of Alice (in Schmidt basis)
   dimensionalities of subspaces:  6  7 10  4
 1
  0.4550410586  0.1507732708 -0.0381809052 -0.0314041730 -0.0001260492  0.0193993691  0.0013339048  0.0156259356 -0.0003756238  0.1241073293 -0.1226541881  0.4086659969  0.0627011467 -0.0277777476 -0.1361129414 -0.0366779060 -0.0122496685
  0.1507732708  0.1724172783 -0.0314697663  0.0544783947 -0.0073315428  0.0144574332 -0.0090837463  0.0073573159 -0.0101727394  0.0709491807  0.2317833521  0.1850397425 -0.0723239067 -0.0324633110 -0.0563274659  0.1109587023 -0.0270110272
 -0.0381809052 -0.0314697663  0.4263016419  0.0049544533  0.1209169166 -0.1738997988  0.1169062159 -0.0150588065  0.3914909000 -0.0908076773 -0.0009098854 -0.0098702353 -0.0122011085 -0.0021214110 -0.1430204479 -0.0001597495 -0.0335015831
 -0.0314041730  0.0544783947  0.0049544533  0.0936500159 -0.0021213485 -0.0036975322  0.0017816181 -0.0010931274  0.0020681444 -0.0097883209  0.0596629896 -0.0085380875 -0.1175836213 -0.1800677568  0.0099417999  0.1754007775 -0.0055900301
 -0.0001260492 -0.0073315428  0.1209169166 -0.0021213485  0.0412725668 -0.0591559085  0.0805366219  0.0026743842  0.0840081109 -0.0747563390 -0.0011284135  0.0272215888  0.0018013558  0.0072923428 -0.0308376490 -0.0073576550 -0.0211559087
  0.0193993691  0.0144574332 -0.1738997988 -0.0036975322 -0.0591559085  0.1256058629 -0.2517521368 -0.0199954434 -0.0761854664 -0.0028499121 -0.0009808689  0.0232006859  0.0077238592  0.0041468245  0.0724346476 -0.0031543755  0.0050323146
  0.0013339048 -0.0090837463  0.1169062159  0.0017816181  0.0805366219 -0.2517521368  0.8157703942  0.0981087308 -0.2288789827  0.0090974526  0.0007370116 -0.0030209458 -0.0040225780 -0.0009981684 -0.0673177675 -0.0002719069 -0.0041186301
  0.0156259356  0.0073573159 -0.0150588065 -0.0010931274  0.0026743842 -0.0199954434  0.0981087308  0.0143509695 -0.0573584092  0.0050518100  0.0037857350  0.0155118146  0.0018823060  0.0028017907 -0.0015323489 -0.0013757234 -0.0006111948
 -0.0003756238 -0.0101727394  0.3914909000  0.0020681444  0.0840081109 -0.0761854664 -0.2288789827 -0.0573584092  0.5228534862  0.0216560928  0.0000294484 -0.0133024239 -0.0078260100 -0.0023731584 -0.1634147293 -0.0003266106 -0.0122566785
  0.1241073293  0.0709491807 -0.0908076773 -0.0097883209 -0.0747563390 -0.0028499121  0.0090974526  0.0050518100  0.0216560928  0.8212807710  0.0217250119 -0.1841566322  0.0082400215  0.0003631403 -0.2259607533  0.0042395352  0.1621622504
 -0.1226541881  0.2317833521 -0.0009098854  0.0596629896 -0.0011284135 -0.0009808689  0.0007370116  0.0037857350  0.0000294484  0.0217250119  0.7989312777  0.0272863187 -0.1204236163  0.2375097960 -0.0100955534  0.1066250489 -0.0685187304
  0.4086659969  0.1850397425 -0.0098702353 -0.0085380875  0.0272215888  0.0232006859 -0.0030209458  0.0155118146 -0.0133024239 -0.1841566322  0.0272863187  0.5117114839  0.0280006338  0.0004526232 -0.0560330082 -0.0021569130 -0.0902891722
  0.0627011467 -0.0723239067 -0.0122011085 -0.1175836213  0.0018013558  0.0077238592 -0.0040225780  0.0018823060 -0.0078260100  0.0082400215 -0.1204236163  0.0280006338  0.1511790365  0.2035350361 -0.0128255837 -0.2191431240  0.0086376758
 -0.0277777476 -0.0324633110 -0.0021214110 -0.1800677568  0.0072923428  0.0041468245 -0.0009981684  0.0028017907 -0.0023731584  0.0003631403  0.2375097960  0.0004526232  0.2035350361  0.5136431919 -0.0109652022 -0.3421254203 -0.0216067960
 -0.1361129414 -0.0563274659 -0.1430204479  0.0099417999 -0.0308376490  0.0724346476 -0.0673177675 -0.0015323489 -0.1634147293 -0.2259607533 -0.0100955534 -0.0560330082 -0.0128255837 -0.0109652022  0.1608796915  0.0106277618 -0.0247084794
 -0.0366779060  0.1109587023 -0.0001597495  0.1754007775 -0.0073576550 -0.0031543755 -0.0002719069 -0.0013757234 -0.0003266106  0.0042395352  0.1066250489 -0.0021569130 -0.2191431240 -0.3421254203  0.0106277618  0.3300589875 -0.0073037573
 -0.0122496685 -0.0270110272 -0.0335015831 -0.0055900301 -0.0211559087  0.0050323146 -0.0041186301 -0.0006111948 -0.0122566785  0.1621622504 -0.0685187304 -0.0902891722  0.0086376758 -0.0216067960 -0.0247084794 -0.0073037573  0.0450522858
 2
  0.0678023378 -0.0875675220  0.0171726936 -0.0126882389 -0.0251315918  0.0009559001  0.0000646999  0.0006833872 -0.0013561864 -0.1435104985 -0.1162568675 -0.1024303161  0.0279397602  0.0695911481  0.0089081436  0.0369537678 -0.0526783618
 -0.0875675220  0.5759955283 -0.0237178834 -0.0199190312 -0.0039016244  0.0012672093  0.0007520475 -0.0017194411 -0.0079306915 -0.0234379552 -0.0799260713  0.1982700112  0.0113984404 -0.0142918914  0.0194546448 -0.0031441490  0.4342153765
  0.0171726936 -0.0237178834  0.0582221163  0.0032025317 -0.0941813489  0.0202953638 -0.1431044498  0.0305950639 -0.0806560542 -0.0427144484  0.0068477194 -0.0393531885 -0.0064142127 -0.0005751544  0.1151395522 -0.0012837755 -0.0064738503
 -0.0126882389 -0.0199190312  0.0032025317  0.2042373802  0.0012547034 -0.0002867801 -0.0005507092  0.0003638359  0.0011348570  0.0034376505 -0.0348605186 -0.0054621748 -0.3865852713 -0.0112671509 -0.0022856833 -0.1051956789 -0.0070493127
 -0.0251315918 -0.0039016244 -0.0941813489  0.0012547034  0.3677839274 -0.0052558610 -0.0391593068  0.0002298959  0.0255238072  0.0333557209 -0.0072064049  0.0571978544  0.0020006825  0.0036483066 -0.4648802206  0.0001551788 -0.0148562926
  0.0009559001  0.0012672093  0.0202953638 -0.0002867801 -0.0052558610  0.7000510825  0.0753597931  0.4497372876 -0.0376606399 -0.0003601540  0.0009578973  0.0033754036  0.0003079645  0.0005170170 -0.0127740136 -0.0002382356  0.0005930491
  0.0000646999  0.0007520475 -0.1431044498 -0.0005507092 -0.0391593068  0.0753597931  0.7941347957 -0.0453752121  0.3639424332 -0.0110857563  0.0005691540 -0.0006832174 -0.0003569499 -0.0012039970  0.0336867182 -0.0009198439 -0.0043021284
  0.0006833872 -0.0017194411  0.0305950639  0.0003638359  0.0002298959  0.4497372876 -0.0453752121  0.3001516768 -0.0681936059  0.0046439566 -0.0009351675  0.0026775064 -0.0005008411  0.0013133952 -0.0106493386  0.0001102745 -0.0017518799
 -0.0013561864 -0.0079306915 -0.0806560542  0.0011348570  0.0255238072 -0.0376606399  0.3639424332 -0.0681936059  0.1795542704 -0.0029053613 -0.0009730773  0.0025573711 -0.0019300804  0.0005538908 -0.0382175550 -0.0005846869 -0.0093796416
 -0.1435104985 -0.0234379552 -0.0427144484  0.0034376505  0.0333557209 -0.0003601540 -0.0110857563  0.0046439566 -0.0029053613  0.7908108577 -0.0257750647  0.3264340347  0.0059357478  0.0000214841  0.0747464643  0.0001594042 -0.1683349084
 -0.1162568675 -0.0799260713  0.0068477194 -0.0348605186 -0.0072064049  0.0009578973  0.0005691540 -0.0009351675 -0.0009730773 -0.0257750647  0.7722871206  0.0010524997  0.0574251398 -0.3622183120 -0.0019103642 -0.1376031352  0.0231356729
 -0.1024303161  0.1982700112 -0.0393531885 -0.0054621748  0.0571978544  0.0033754036 -0.0006832174  0.0026775064  0.0025573711  0.3264340347  0.0010524997  0.2177193220  0.0058835905 -0.0250127057 -0.0186286091 -0.0098617650  0.0892981571
  0.0279397602  0.0113984404 -0.0064142127 -0.3865852713  0.0020006825  0.0003079645 -0.0003569499 -0.0005008411 -0.0019300804  0.0059357478  0.0574251398  0.0058835905  0.7333338655  0.0278535630 -0.0001292281  0.2022472157 -0.0099983540
  0.0695911481 -0.0142918914 -0.0005751544 -0.0112671509  0.0036483066  0.0005170170 -0.0012039970  0.0013133952  0.0005538908  0.0000214841 -0.3622183120 -0.0250127057  0.0278535630  0.1792648563 -0.0027066984  0.0827541577 -0.0497825661
  0.0089081436  0.0194546448  0.1151395522 -0.0022856833 -0.4648802206 -0.0127740136  0.0336867182 -0.0106493386 -0.0382175550  0.0747464643 -0.0019103642 -0.0186286091 -0.0001292281 -0.0027066984  0.6062979014  0.0010678718  0.0069860916
  0.0369537678 -0.0031441490 -0.0012837755 -0.1051956789  0.0001551788 -0.0002382356 -0.0009198439  0.0001102745 -0.0005846869  0.0001594042 -0.1376031352 -0.0098617650  0.2022472157  0.0827541577  0.0010678718  0.0874159345 -0.0233373620
 -0.0526783618  0.4342153765 -0.0064738503 -0.0070493127 -0.0148562926  0.0005930491 -0.0043021284 -0.0017518799 -0.0093796416 -0.1683349084  0.0231356729  0.0892981571 -0.0099983540 -0.0497825661  0.0069860916 -0.0233373620  0.3649370267
 3
  0.9678439673  0.1567037762  0.0008880901  0.0287213540  0.0051922194  0.0036272506 -0.0023301763 -0.0009192100 -0.0062395392 -0.0141675892 -0.0011762039 -0.0662944400 -0.0054217380 -0.0212166767  0.0228103260 -0.0024082283  0.0072257406
  0.1567037762  0.0531030145  0.0183342366  0.0030096511  0.0092533436  0.0006782560  0.0023718542 -0.0004666954 -0.0039771308 -0.0205570707  0.0356793389  0.0679688704  0.0247534909  0.0063430250  0.0020497241 -0.0274502719  0.1324688618
  0.0008880901  0.0183342366  0.9596124928 -0.0018138179 -0.0295860729  0.0091407905 -0.0149836387 -0.0048626817 -0.0601209271 -0.0069933757  0.0006111961 -0.0013325349  0.0005643049 -0.0026433120 -0.1831243761  0.0012658493  0.0002475662
  0.0287213540  0.0030096511 -0.0018138179  0.1071196203 -0.0021911059  0.0002554299 -0.0017685335 -0.0000980373 -0.0013646508  0.0054274820 -0.0314378937  0.0059464091  0.1697984179  0.0371328979  0.0021283853  0.2518365517  0.0104012141
  0.0051922194  0.0092533436 -0.0295860729 -0.0021911059  0.9495585576  0.0044411243  0.0329802582  0.0003913092  0.1078663455  0.0009771111 -0.0000805263  0.0166581451  0.0007291461  0.0015030109 -0.1839933752  0.0010162488 -0.0050813295
  0.0036272506  0.0006782560  0.0091407905  0.0002554299  0.0044411243  0.0810942030 -0.0409202485  0.2695886552  0.0053218695  0.0013777915  0.0002629994  0.0002807335  0.0003896289  0.0001276522 -0.0042135981  0.0000862938  0.0004063349
 -0.0023301763  0.0023718542 -0.0149836387 -0.0017685335  0.0329802582 -0.0409202485  0.9235665125  0.0059449578 -0.2597714972 -0.0034476613  0.0001263812 -0.0000545302 -0.0013270937  0.0011730867  0.0058422824  0.0002373639 -0.0049747583
 -0.0009192100 -0.0004666954 -0.0048626817 -0.0000980373  0.0003913092  0.2695886552  0.0059449578  0.9203857360 -0.0228517500 -0.0002149923 -0.0000855983  0.0019303240 -0.0003304016  0.0004479730 -0.0030243214 -0.0000750618 -0.0014601787
 -0.0062395392 -0.0039771308 -0.0601209271 -0.0013646508  0.1078663455  0.0053218695 -0.2597714972 -0.0228517500  0.0924753864 -0.0141832272  0.0021386149 -0.0007679844 -0.0045537410  0.0002077053 -0.0123015064 -0.0005826897 -0.0143831159
 -0.0141675892 -0.0205570707 -0.0069933757  0.0054274820  0.0009771111  0.0013777915 -0.0034476613 -0.0002149923 -0.0141832272  0.9217893222 -0.0051986801 -0.2300688596  0.0057093868 -0.0022523415 -0.0291202395 -0.0028299200  0.1316197787
 -0.0011762039  0.0356793389  0.0006111961 -0.0314378937 -0.0000805263  0.0002629994  0.0001263812 -0.0000855983  0.0021386149 -0.0051986801  0.9245259183 -0.0209740371 -0.0345329116  0.2561837841  0.0026315129 -0.0106445764  0.0100068492
 -0.0662944400  0.0679688704 -0.0013325349  0.0059464091  0.0166581451  0.0002807335 -0.0000545302  0.0019303240 -0.0007679844 -0.2300688596 -0.0209740371  0.2931714062  0.0159368028 -0.0087432906  0.0115049493 -0.0018486259  0.3795397044
 -0.0054217380  0.0247534909  0.0005643049  0.1697984179  0.0007291461  0.0003896289 -0.0013270937 -0.0003304016 -0.0045537410  0.0057093868 -0.0345329116  0.0159368028  0.9443539356  0.1340316571  0.0022633560 -0.0584307774 -0.0137649364
 -0.0212166767  0.0063430250 -0.0026433120  0.0371328979  0.0015030109  0.0001276522  0.0011730867  0.0004479730  0.0002077053 -0.0022523415  0.2561837841 -0.0087432906  0.1340316571  0.0993872641  0.0007281446  0.0617042343 -0.0120516691
  0.0228103260  0.0020497241 -0.1831243761  0.0021283853 -0.1839933752 -0.0042135981  0.0058422824 -0.0030243214 -0.0123015064 -0.0291202395  0.0026315129  0.0115049493  0.0022633560  0.0007281446  0.0748891171 -0.0001236444  0.0125813366
 -0.0024082283 -0.0274502719  0.0012658493  0.2518365517  0.0010162488  0.0000862938  0.0002373639 -0.0000750618 -0.0005826897 -0.0028299200 -0.0106445764 -0.0018486259 -0.0584307774  0.0617042343 -0.0001236444  0.9224450886  0.0031338253
  0.0072257406  0.1324688618  0.0002475662  0.0104012141 -0.0050813295  0.0004063349 -0.0049747583 -0.0014601787 -0.0143831159  0.1316197787  0.0100068492  0.3795397044 -0.0137649364 -0.0120516691  0.0125813366  0.0031338253  0.7646784576
 4
  0.0026067296  0.0014530026  0.0004176131  0.0067346467 -0.0483557372 -0.0000072010  0.0001360679  0.0019621111 -0.0052836068  0.0037985421  0.0004041625  0.0019851141  0.0093108163  0.0015124000 -0.0085516883  0.0000519918  0.0012591775
  0.0014530026  0.0454170700  0.0029091714  0.0061197135 -0.0358851468  0.0005849753  0.0001026333 -0.0040596493 -0.0041173236  0.0036771660  0.0160928593 -0.0981415122 -0.0060603326 -0.0049990629 -0.0063590300  0.0100051884 -0.1785449169
  0.0004176131  0.0029091714  0.0026617541 -0.0012901260 -0.0071369798 -0.0032480595  0.0036602454  0.0487339401  0.0006777424  0.0009925259  0.0010940487 -0.0061052096 -0.0028056799 -0.0006895002 -0.0037086367  0.0005857837 -0.0114946499
  0.0067346467  0.0061197135 -0.0012901260  0.3500019102  0.0014781096 -0.0002962793 -0.0000574567  0.0015847233  0.0005380517  0.0005842201  0.0063173513 -0.0152762993  0.4698825977  0.0733534817  0.0001063379  0.0097925890 -0.0295146563
 -0.0483557372 -0.0358851468 -0.0071369798  0.0014781096  0.9490582258 -0.0029635116  0.0004793417  0.0058361946  0.1051686927 -0.0741386975 -0.0088867547 -0.0232386393 -0.0003177320 -0.0003125809  0.1656525921  0.0005636511  0.0026809238
 -0.0000072010  0.0005849753 -0.0032480595 -0.0002962793 -0.0029635116  0.0044747878 -0.0049411708 -0.0663038867 -0.0023289018 -0.0002805029  0.0000537015 -0.0005093393 -0.0002480602 -0.0000720811  0.0028033771  0.0000580450 -0.0008290714
  0.0001360679  0.0001026333  0.0036602454 -0.0000574567  0.0004793417 -0.0049411708  0.0054744569  0.0733775339  0.0022667553  0.0005417809  0.0001917411 -0.0008140801 -0.0004490600 -0.0000925901 -0.0035962679  0.0000694055 -0.0016942912
  0.0019621111 -0.0040596493  0.0487339401  0.0015847233  0.0058361946 -0.0663038867  0.0733775339  0.9842288221  0.0303448844  0.0072064074  0.0006610966  0.0013543333 -0.0010600042  0.0000415956 -0.0483058767 -0.0002369215 -0.0006519883
 -0.0052836068 -0.0041173236  0.0006777424  0.0005380517  0.1051686927 -0.0023289018  0.0022667553  0.0303448844  0.0125506085 -0.0079843559 -0.0009681964 -0.0024752457  0.0003815276  0.0000395529  0.0168683409  0.0000574661  0.0003736213
  0.0037985421  0.0036771660  0.0009925259  0.0005842201 -0.0741386975 -0.0002805029  0.0005417809  0.0072064074 -0.0079843559  0.0058706787  0.0010297763 -0.0002068368  0.0006477340  0.0000408505 -0.0133304479  0.0001732766 -0.0038833822
  0.0004041625  0.0160928593  0.0010940487  0.0063173513 -0.0088867547  0.0000537015  0.0001917411  0.0006610966 -0.0009681964  0.0010297763  0.0057711949 -0.0352250782  0.0033806285 -0.0009163560 -0.0016903893  0.0036806561 -0.0639273871
  0.0019851141 -0.0981415122 -0.0061052096 -0.0152762993 -0.0232386393 -0.0005093393 -0.0008140801  0.0013543333 -0.0024752457 -0.0002068368 -0.0352250782  0.2231622808  0.0118515596  0.0109864001 -0.0034839153 -0.0225841101  0.4011002800
  0.0093108163 -0.0060603326 -0.0028056799  0.4698825977 -0.0003177320 -0.0002480602 -0.0004490600 -0.0010600042  0.0003815276  0.0006477340  0.0033806285  0.0118515596  0.6355436417  0.1005439396 -0.0000062497  0.0099226033  0.0185874131
  0.0015124000 -0.0049990629 -0.0006895002  0.0733534817 -0.0003125809 -0.0000720811 -0.0000925901  0.0000415956  0.0000395529  0.0000408505 -0.0009163560  0.0109864001  0.1005439396  0.0162791003 -0.0000308385  0.0006378901  0.0193508593
 -0.0085516883 -0.0063590300 -0.0037086367  0.0001063379  0.1656525921  0.0028033771 -0.0035962679 -0.0483058767  0.0168683409 -0.0133304479 -0.0016903893 -0.0034839153 -0.0000062497 -0.0000308385  0.0313875670  0.0000441261  0.0016681943
  0.0000519918  0.0100051884  0.0005857837  0.0097925890  0.0005636511  0.0000580450  0.0000694055 -0.0002369215  0.0000574661  0.0001732766  0.0036806561 -0.0225841101  0.0099226033  0.0006378901  0.0000441261  0.0024837913 -0.0407235323
  0.0012591775 -0.1785449169 -0.0114946499 -0.0295146563  0.0026809238 -0.0008290714 -0.0016942912 -0.0006519883  0.0003736213 -0.0038833822 -0.0639273871  0.4011002800  0.0185874131  0.0193508593  0.0016681943 -0.0407235323  0.7230273805

 Matrices of measurement operators of Bob (in Schmidt basis)
   dimensionalities of subspaces:  7  6  7  7
 1
  0.0476451346  0.0060284548  0.0022298691 -0.0045844047 -0.0097986775  0.0084287641  0.0005763791  0.0101974147 -0.0046916908 -0.0742669061 -0.1816130641  0.0120201465  0.0672533443  0.0291750733  0.0086999866  0.0161141566  0.0258154891
  0.0060284548  0.2077615664 -0.0281195673 -0.0064920936 -0.0135491042  0.0042769867  0.0010600230 -0.0038833969 -0.0144794328 -0.0160573479  0.0381388622  0.2159223350 -0.0036593119 -0.0282644673  0.0032490889 -0.0130495573  0.3375970748
  0.0022298691 -0.0281195673  0.0188436931  0.0026077303  0.0037033507  0.0020610171 -0.0742847618 -0.0040112197 -0.0035574775 -0.0903672373  0.0082381341 -0.0391554388 -0.0184816653 -0.0009173920  0.0031424911  0.0001174590 -0.0447396498
 -0.0045844047 -0.0064920936  0.0026077303  0.0124701708 -0.0007579487 -0.0005058115 -0.0005655725  0.0002483282  0.0010217118  0.0027039654 -0.0219182768 -0.0094543870 -0.1058129182 -0.0195995157  0.0010912597 -0.0021041376 -0.0088997155
 -0.0097986775 -0.0135491042  0.0037033507 -0.0007579487  0.7328141385 -0.0230264090 -0.0103683050  0.0208140650  0.1464361682 -0.0281747077 -0.0011997750  0.0471620259 -0.0032283569  0.0057545766 -0.4115916473 -0.0049559766 -0.0222240364
  0.0084287641  0.0042769867  0.0020610171 -0.0005058115 -0.0230264090  0.3048690795 -0.0477342835  0.4530236644 -0.0608594805 -0.0012656022  0.0007364766  0.0083081867  0.0021376836  0.0016834000  0.0009337875 -0.0005605400  0.0026887779
  0.0005763791  0.0010600230 -0.0742847618 -0.0005655725 -0.0103683050 -0.0477342835  0.9827856393  0.0413236210  0.0836522454 -0.0060009770  0.0002880815 -0.0009939338 -0.0002726002 -0.0008603113  0.0162025294 -0.0002496462 -0.0024779386
  0.0101974147 -0.0038833969 -0.0040112197  0.0002483282  0.0208140650  0.4530236644  0.0413236210  0.6910060856 -0.0702495996 -0.0012660754  0.0030136888  0.0059882102 -0.0049279029  0.0021533236 -0.0285154652 -0.0012542782 -0.0136004428
 -0.0046916908 -0.0144794328 -0.0035574775  0.0010217118  0.1464361682 -0.0608594805  0.0836522454 -0.0702495996  0.0464033486 -0.0071852815  0.0008978776 -0.0046558517 -0.0083206820  0.0004380242 -0.0789517891 -0.0007194124 -0.0233910369
 -0.0742669061 -0.0160573479 -0.0903672373  0.0027039654 -0.0281747077 -0.0012656022 -0.0060009770 -0.0012660754 -0.0071852815  0.9758655254 -0.0124930563  0.0720632728  0.0012891293 -0.0004859748 -0.0388389376  0.0010885361 -0.0431235947
 -0.1816130641  0.0381388622  0.0082381341 -0.0219182768 -0.0011997750  0.0007364766  0.0002880815  0.0030136888  0.0008978776 -0.0124930563  0.9494225324 -0.0153013166  0.0319130199 -0.0787683943  0.0009974537 -0.0721708486 -0.0140905875
  0.0120201465  0.2159223350 -0.0391554388 -0.0094543870  0.0471620259  0.0083081867 -0.0009939338  0.0059882102 -0.0046558517  0.0720632728 -0.0153013166  0.2426501581  0.0297369001 -0.0175374619 -0.0366853412 -0.0086909134  0.3535383184
  0.0672533443 -0.0036593119 -0.0184816653 -0.1058129182 -0.0032283569  0.0021376836 -0.0002726002 -0.0049279029 -0.0083206820  0.0012891293  0.0319130199  0.0297369001  0.9390031785  0.1947899415 -0.0040359885  0.0339786317 -0.0086563677
  0.0291750733 -0.0282644673 -0.0009173920 -0.0195995157  0.0057545766  0.0016834000 -0.0008603113  0.0021533236  0.0004380242 -0.0004859748 -0.0787683943 -0.0175374619  0.1947899415  0.0509595344 -0.0038615134  0.0147765125 -0.0399682158
  0.0086999866  0.0032490889  0.0031424911  0.0010912597 -0.4115916473  0.0009337875  0.0162025294 -0.0285154652 -0.0789517891 -0.0388389376  0.0009974537 -0.0366853412 -0.0040359885 -0.0038615134  0.2349543260  0.0028166166  0.0064402888
  0.0161141566 -0.0130495573  0.0001174590 -0.0021041376 -0.0049559766 -0.0005605400 -0.0002496462 -0.0012542782 -0.0007194124  0.0010885361 -0.0721708486 -0.0086909134  0.0339786317  0.0147765125  0.0028166166  0.0074245017 -0.0155491783
  0.0258154891  0.3375970748 -0.0447396498 -0.0088997155 -0.0222240364  0.0026887779 -0.0024779386 -0.0136004428 -0.0233910369 -0.0431235947 -0.0140905875  0.3535383184 -0.0086563677 -0.0399682158  0.0064402888 -0.0155491783  0.5551213874
 2
  0.8659779338  0.1865944899 -0.0271698406  0.0073902263  0.0258002532  0.0083648926 -0.0001880503  0.0044790826  0.0003966984  0.1368859383  0.0084397001  0.2230081990  0.0098215811 -0.0703593511 -0.0646807846 -0.0397928631  0.0183937530
  0.1865944899  0.0629336750  0.0075465697  0.0160890348  0.0084474892  0.0007601617 -0.0000971450  0.0007488142  0.0047672747  0.0137021286  0.1168625119  0.0663335906 -0.0213296180  0.0451053580 -0.0154254321  0.0525631443 -0.0030768327
 -0.0271698406  0.0075465697  0.8555454585 -0.0012530935  0.0934230866 -0.0971872745  0.1334841654 -0.0338038043  0.2102514015 -0.0141938406 -0.0049314094  0.0261902902 -0.0017046613 -0.0023226808 -0.2006805912 -0.0003308720 -0.0160707737
  0.0073902263  0.0160890348 -0.0012530935  0.0701808527 -0.0003685244 -0.0002258660  0.0002843431  0.0000292020 -0.0004915370 -0.0014980754  0.0163620330  0.0086054671 -0.0700655659 -0.0777817966  0.0011803222  0.2315291693  0.0054398989
  0.0258002532  0.0084474892  0.0934230866 -0.0003685244  0.0143515386 -0.0170520748  0.0557513583 -0.0007819909 -0.0071869293 -0.0137204216  0.0062937873  0.0217749465  0.0003331470  0.0028044533 -0.0216320658 -0.0024940922 -0.0067191149
  0.0083648926  0.0007601617 -0.0971872745 -0.0002258660 -0.0170520748  0.0286384154 -0.1209817981 -0.0027628141  0.0527540934 -0.0055663895  0.0005144051  0.0032380914  0.0005942911  0.0000312527  0.0232032797 -0.0015850556 -0.0011403582
 -0.0001880503 -0.0000971450  0.1334841654  0.0002843431  0.0557513583 -0.1209817981  0.6607955786  0.0351822200 -0.4315801756  0.0099439922 -0.0002678403 -0.0000573141  0.0001738973  0.0010527648 -0.0311027242  0.0006759400  0.0038281831
  0.0044790826  0.0007488142 -0.0338038043  0.0000292020 -0.0007819909 -0.0027628141  0.0351822200  0.0039790868 -0.0378582990 -0.0048358210  0.0017924025  0.0039771157  0.0001597858  0.0011469617  0.0086900129 -0.0002783384 -0.0011395346
  0.0003966984  0.0047672747  0.2102514015 -0.0004915370 -0.0071869293  0.0527540934 -0.4315801756 -0.0378582990  0.3895681332  0.0119190816  0.0013707430 -0.0026703440 -0.0011993556 -0.0008369775 -0.0537825224 -0.0000462334 -0.0009513107
  0.1368859383  0.0137021286 -0.0141938406 -0.0014980754 -0.0137204216 -0.0055663895  0.0099439922 -0.0048358210  0.0119190816  0.6611660713  0.0241163079 -0.3838025885 -0.0050978733  0.0003147174 -0.1060080707 -0.0004844981  0.2127502196
  0.0084397001  0.1168625119 -0.0049314094  0.0163620330  0.0062937873  0.0005144051 -0.0002678403  0.0017924025  0.0013707430  0.0241163079  0.6632019798  0.0263947328 -0.0700154099  0.4303886580 -0.0081860006  0.1332435684 -0.0080169833
  0.2230081990  0.0663335906  0.0261902902  0.0086054671  0.0217749465  0.0032380914 -0.0000573141  0.0039771157 -0.0026703440 -0.3838025885  0.0263947328  0.3354205787 -0.0012462263 -0.0052563628  0.0394969528  0.0069864859 -0.1336941661
  0.0098215811 -0.0213296180 -0.0017046613 -0.0700655659  0.0003331470  0.0005942911  0.0001738973  0.0001597858 -0.0011993556 -0.0050978733 -0.0700154099 -0.0012462263  0.0747818758  0.0398700079 -0.0000150845 -0.2390812426 -0.0067026657
 -0.0703593511  0.0451053580 -0.0023226808 -0.0777817966  0.0028044533  0.0000312527  0.0010527648  0.0011469617 -0.0008369775  0.0003147174  0.4303886580 -0.0052563628  0.0398700079  0.3965469938 -0.0002946953 -0.1978236160 -0.0161287998
 -0.0646807846 -0.0154254321 -0.2006805912  0.0011803222 -0.0216320658  0.0232032797 -0.0311027242  0.0086900129 -0.0537825224 -0.1060080707 -0.0081860006  0.0394969528 -0.0000150845 -0.0002946953  0.0680383686  0.0053719913 -0.0296317069
 -0.0397928631  0.0525631443 -0.0003308720  0.2315291693 -0.0024940922 -0.0015850556  0.0006759400 -0.0002783384 -0.0000462334 -0.0004844981  0.1332435684  0.0069864859 -0.2390812426 -0.1978236160  0.0053719913  0.7784584059  0.0193299988
  0.0183937530 -0.0030768327 -0.0160707737  0.0054398989 -0.0067191149 -0.0011403582  0.0038281831 -0.0011395346 -0.0009513107  0.2127502196 -0.0080169833 -0.1336941661 -0.0067026657 -0.0161287998 -0.0296317069  0.0193299988  0.0704150533
 3
  0.8694585626  0.0917365853 -0.0167932964  0.0330711551 -0.0087274831 -0.0038359657 -0.0021527500 -0.0002975425 -0.0020243532  0.1545693170  0.1632744090 -0.1817795938 -0.0316792404  0.0190890669  0.0348853228 -0.0425096545  0.1249931938
  0.0917365853  0.0730081162  0.0333002250  0.0093137704 -0.0031435766  0.0017556646  0.0063359734 -0.0019401753 -0.0096329905  0.0206301434  0.0178363811 -0.1289385879  0.0160639871 -0.0097368886 -0.0072004970 -0.0362141326 -0.1970582224
 -0.0167932964  0.0333002250  0.8863111987 -0.0069789194  0.0473893719  0.0300066111  0.1577378456  0.0053792776 -0.2125174859  0.0775742582 -0.0100924255 -0.0142519934  0.0062822895 -0.0047408180 -0.1387105137  0.0042450599  0.0214645154
  0.0330711551  0.0093137704 -0.0069789194  0.3929138832 -0.0015191676 -0.0008468770 -0.0013222147  0.0006857398  0.0015717970  0.0064245608  0.0349306131 -0.0085044066  0.4547727506  0.0953245854  0.0038839978  0.1414982764  0.0044799516
 -0.0087274831 -0.0031435766  0.0473893719 -0.0015191676  0.9529205631  0.0177298532  0.0085287332  0.0013805424  0.0660211124 -0.0232404034 -0.0018596095 -0.0267352702  0.0006759269 -0.0026237760  0.1908958997  0.0017384287  0.0084329717
 -0.0038359657  0.0017556646  0.0300066111 -0.0008468770  0.0177298532  0.0114735018  0.0024656262 -0.0999329813 -0.0100073260  0.0016308435 -0.0007228573 -0.0015917813 -0.0005271578 -0.0001610482 -0.0001433312  0.0014086129 -0.0027840187
 -0.0021527500  0.0063359734  0.1577378456 -0.0013222147  0.0085287332  0.0024656262  0.0288998578  0.0293781935 -0.0366565339  0.0139682333 -0.0012568385 -0.0036659680  0.0002185419 -0.0005512968 -0.0250744444  0.0025732617  0.0023390127
 -0.0002975425 -0.0019401753  0.0053792776  0.0006857398  0.0013805424 -0.0999329813  0.0293781935  0.9871723153  0.0395340422  0.0003127550  0.0003448424 -0.0030166629 -0.0004645403 -0.0006370758 -0.0143042331 -0.0001212113  0.0008864218
 -0.0020243532 -0.0096329905 -0.2125174859  0.0015717970  0.0660211124 -0.0100073260 -0.0366565339  0.0395340422  0.0589847842 -0.0218270797  0.0009075220  0.0035618014 -0.0003698410  0.0005184109  0.0486948016 -0.0025939533 -0.0029511782
  0.1545693170  0.0206301434  0.0775742582  0.0064245608 -0.0232404034  0.0016308435  0.0139682333  0.0003127550 -0.0218270797  0.0355585966  0.0292788542 -0.0353544381 -0.0052874169  0.0039695386 -0.0118845249 -0.0029192254  0.0200697163
  0.1632744090  0.0178363811 -0.0100924255  0.0349306131 -0.0018596095 -0.0007228573 -0.0012568385  0.0003448424  0.0009075220  0.0292788542  0.0583892672 -0.0477563362 -0.0251236741  0.0379364775  0.0065895098  0.1463652837  0.0005212657
 -0.1817795938 -0.1289385879 -0.0142519934 -0.0085044066 -0.0267352702 -0.0015917813 -0.0036659680 -0.0030166629  0.0035618014 -0.0353544381 -0.0477563362  0.2383524676  0.0095335033  0.0049812787 -0.0015253221 -0.0040985548  0.3566204991
 -0.0316792404  0.0160639871  0.0062822895  0.4547727506  0.0006759269 -0.0005271578  0.0002185419 -0.0004645403 -0.0003698410 -0.0052874169 -0.0251236741  0.0095335033  0.6427908611  0.0502943574  0.0013986828 -0.1349227009 -0.0021516646
  0.0190890669 -0.0097368886 -0.0047408180  0.0953245854 -0.0026237760 -0.0001610482 -0.0005512968 -0.0006370758  0.0005184109  0.0039695386  0.0379364775  0.0049812787  0.0502943574  0.0555866940  0.0011448334  0.1957501950  0.0243260092
  0.0348853228 -0.0072004970 -0.1387105137  0.0038839978  0.1908958997 -0.0001433312 -0.0250744444 -0.0143042331  0.0486948016 -0.0118845249  0.0065895098 -0.0015253221  0.0013986828  0.0011448334  0.0650066278 -0.0053702690  0.0197827371
 -0.0425096545 -0.0362141326  0.0042450599  0.1414982764  0.0017384287  0.0014086129  0.0025732617 -0.0001212113 -0.0025939533 -0.0029192254  0.1463652837 -0.0040985548 -0.1349227009  0.1957501950 -0.0053702690  0.8856616277 -0.0094440781
  0.1249931938 -0.1970582224  0.0214645154  0.0044799516  0.0084329717 -0.0027840187  0.0023390127  0.0008864218 -0.0029511782  0.0200697163  0.0005212657  0.3566204991 -0.0021516646  0.0243260092  0.0197827371 -0.0094440781  0.7575110753
 4
  0.1904415971 -0.0258939816 -0.0074870844 -0.0091644934 -0.1067527782  0.0011934036 -0.0015902539  0.0071016828  0.0055093085 -0.0105739488 -0.0123017306  0.3578365895  0.0075458403 -0.0401277702 -0.1052883299 -0.0013516852 -0.0285894132
 -0.0258939816  0.4606043980 -0.0031112702  0.0426952985 -0.0561086146  0.0022803358 -0.0049391913 -0.0008381521  0.0007649756  0.0099152286  0.1836231972 -0.0782749276 -0.0783238785  0.0220106333 -0.0483731675  0.1043700025 -0.4277510335
 -0.0074870844 -0.0031112702  0.1872555212 -0.0006464808  0.1026127589 -0.0963527719 -0.0121238404  0.1028616891  0.3455151621 -0.0244805757  0.0011937844  0.0177983480 -0.0032272747  0.0015989532  0.0315988238  0.0005136655 -0.0165539554
 -0.0091644934  0.0426952985 -0.0006464808  0.8240327597 -0.0007211823 -0.0010997268  0.0003044031  0.0014734942  0.0013059283 -0.0106870690  0.0192591994 -0.0168850092  0.3605739544 -0.0866051113  0.0020020832 -0.0538008222 -0.0436690395
 -0.1067527782 -0.0561086146  0.1026127589 -0.0007211823  0.4715715942 -0.0333902614  0.0191553810  0.0276674479  0.0262787301 -0.1880000644 -0.0123400455  0.0131211054 -0.0076757412  0.0002750562  0.4282903869 -0.0000131302 -0.0449397919
  0.0011934036  0.0022803358 -0.0963527719 -0.0010997268 -0.0333902614  0.3619681644 -0.1661845165 -0.4369788585  0.0035622545 -0.0074381898 -0.0021119662  0.0096756213  0.0020466288  0.0011203479  0.0424027910 -0.0010347841 -0.0014800794
 -0.0015902539 -0.0049391913 -0.0121238404  0.0003044031  0.0191553810 -0.1661845165  0.0993646680  0.2051323389 -0.1386689961 -0.0045734218 -0.0000166852  0.0008621706 -0.0003679888 -0.0005355270  0.0013984994 -0.0001342740  0.0008252874
  0.0071016828 -0.0008381521  0.1028616891  0.0014734942  0.0276674479 -0.4369788585  0.2051323389  0.5290215240 -0.0322067819  0.0107368145  0.0037521871  0.0017720430 -0.0016678004  0.0006642673 -0.0596242612  0.0002660467 -0.0007130544
  0.0055093085  0.0007649756  0.3455151621  0.0013059283  0.0262787301  0.0035622545 -0.1386689961 -0.0322067819  0.8204316270  0.0249864097 -0.0016983481 -0.0071577454 -0.0000205595 -0.0007810921 -0.0789076616 -0.0008345248  0.0058659230
 -0.0105739488  0.0099152286 -0.0244805757 -0.0106870690 -0.1880000644 -0.0074381898 -0.0045734218  0.0107368145  0.0249864097  0.0971655313 -0.0028287760 -0.1257601510 -0.0023649778 -0.0015362676 -0.1777047731  0.0015139522  0.0568158645
 -0.0123017306  0.1836231972  0.0011937844  0.0192591994 -0.0123400455 -0.0021119662 -0.0000166852  0.0037521871 -0.0016983481 -0.0028287760  0.0981797816 -0.0150045453 -0.0062988872  0.1499061235 -0.0114316506 -0.0155209819 -0.1760949026
  0.3578365895 -0.0782749276  0.0177983480 -0.0168850092  0.0131211054  0.0096756213  0.0008621706  0.0017720430 -0.0071577454 -0.1257601510 -0.0150045453  0.7959152160  0.0275569027  0.0004148810  0.0022998428 -0.0369058539 -0.0957589422
  0.0075458403 -0.0783238785 -0.0032272747  0.3605739544 -0.0076757412  0.0020466288 -0.0003679888 -0.0016678004 -0.0000205595 -0.0023649778 -0.0062988872  0.0275569027  0.2030892839  0.0951504925 -0.0072310776 -0.1030585878  0.0709282232
 -0.0401277702  0.0220106333  0.0015989532 -0.0866051113  0.0002750562  0.0011203479 -0.0005355270  0.0006642673 -0.0007810921 -0.0015362676  0.1499061235  0.0004148810  0.0951504925  0.8283437880 -0.0046442026 -0.3171456416 -0.0214256660
 -0.1052883299 -0.0483731675  0.0315988238  0.0020020832  0.4282903869  0.0424027910  0.0013984994 -0.0596242612 -0.0789076616 -0.1777047731 -0.0114316506  0.0022998428 -0.0072310776 -0.0046442026  0.4171217728  0.0028008590 -0.0435013785
 -0.0013516852  0.1043700025  0.0005136655 -0.0538008222 -0.0000131302 -0.0010347841 -0.0001342740  0.0002660467 -0.0008345248  0.0015139522 -0.0155209819 -0.0369058539 -0.1030585878 -0.3171456416  0.0028008590  0.1618335443 -0.0950597971
 -0.0285894132 -0.4277510335 -0.0165539554 -0.0436690395 -0.0449397919 -0.0014800794  0.0008252874 -0.0007130544  0.0058659230  0.0568158645 -0.1760949026 -0.0957589422  0.0709282232 -0.0214256660 -0.0435013785 -0.0950597971  0.4536592286

-----------------------------------------------

 Best value,          real 17-dimensional component spaces:  0.43638422

-----------------------------------------------

 Upper limits (value, difference)

 Level 1 +ab            :    0.507753    0.071369
 Level 2                :    0.476387    0.040003
 Level 2 +aab           :    0.446320    0.009936
 Level 2 +aab+abb       :    0.440471    0.004087
 Level 3                :    0.437263    0.000879
 Level 3 +  25%(aabb)   :    0.436922    0.000538
 
 Limit has not been reached
