 M_A= 4   M_B= 4
 Bell coefficients, M_A lines, M_B columns:
       | -3 -1 -2 -2
   -----------------
     0 |  1  1 -1 -1
    -3 |  3 -1 -3  4
    -2 | -1  2  2  3
    -1 |  3 -1  3 -1

 Classical limit=  0.

-----------------------------------------------

 Limit with real qubits without degenerate measurements:  0.80889461

 Vector (Schmidt coefficients)  0.73073243  0.68266398

 Matrices of measurement operators of Alice (in Schmidt basis)
   dimensionalities of subspaces: 1 1 1 1
 1
 0.0332842 0.1793777
 0.1793777 0.9667158
 2
 0.0102754-0.1008454
-0.1008454 0.9897246
 3
 0.7057137-0.4557213
-0.4557213 0.2942863
 4
 0.6024604 0.4893893
 0.4893893 0.3975396

 Matrices of measurement operators of Bob (in Schmidt basis)
   dimensionalities of subspaces: 1 1 1 1
 1
 0.1427992 0.3498680
 0.3498680 0.8572008
 2
 0.6287775-0.4831318
-0.4831318 0.3712225
 3
 0.9832318 0.1284017
 0.1284017 0.0167682
 4
 0.3192590-0.4661895
-0.4661895 0.6807410

-----------------------------------------------

 Limit with real qubits allowing degenerate measurements:  0.80932529

 Vector (Schmidt coefficients)  0.72280064  0.69105661

 Matrices of measurement operators of Alice (in Schmidt basis)
   dimensionalities of subspaces: 2 1 1 1
 1
 1.0000000 0.0000000
 0.0000000 1.0000000
 2
 0.8673527-0.3391932
-0.3391932 0.1326473
 3
 0.8814242 0.3232887
 0.3232887 0.1185758
 4
 0.3816539-0.4857923
-0.4857923 0.6183461

 Matrices of measurement operators of Bob (in Schmidt basis)
   dimensionalities of subspaces: 1 1 0 1
 1
 0.5687467-0.4952513
-0.4952513 0.4312533
 2
 0.6649791 0.4719978
 0.4719978 0.3350209
 3
 0.0000000 0.0000000
 0.0000000 0.0000000
 4
 0.9996735 0.0180674
 0.0180674 0.0003265


-----------------------------------------------

 Maximum value found with 4-dimensional real spaces:  0.81569233

 Vector (Schmidt coefficients)  0.52409291  0.47294854  0.54922360  0.44721330

 Matrices of measurement operators of Alice (in Schmidt basis)
   dimensionalities of subspaces: 3 2 2 2
 1
 0.925360-0.082895-0.246880 0.035318
-0.082895 0.907937-0.274185 0.039224
-0.246880-0.274185 0.183414 0.116817
 0.035318 0.039224 0.116817 0.983289
 2
 0.990885-0.000518 0.094336-0.011482
-0.000518 0.946389-0.022137-0.224158
 0.094336-0.022137 0.009497 0.004139
-0.011482-0.224158 0.004139 0.053229
 3
 0.280690-0.066379 0.444352 0.006931
-0.066379 0.814284 0.008212 0.383082
 0.444352 0.008212 0.719515 0.065552
 0.006931 0.383082 0.065552 0.185511
 4
 0.529978 0.147101-0.446912-0.166531
 0.147101 0.487377 0.171807-0.445740
-0.446912 0.171807 0.572876-0.124264
-0.166531-0.445740-0.124264 0.409768

 Matrices of measurement operators of Bob (in Schmidt basis)
   dimensionalities of subspaces: 2 2 1 2
 1
 0.872206 0.017471-0.331675-0.033900
 0.017471 0.707096 0.076336-0.448307
-0.331675 0.076336 0.135869-0.039665
-0.033900-0.448307-0.039665 0.284829
 2
 0.251248-0.115520 0.407246 0.094492
-0.115520 0.564463-0.157979 0.455568
 0.407246-0.157979 0.661775 0.181720
 0.094492 0.455568 0.181720 0.522514
 3
 0.005306-0.016076-0.070351 0.008384
-0.016076 0.048705 0.213142-0.025401
-0.070351 0.213142 0.932741-0.111161
 0.008384-0.025401-0.111161 0.013248
 4
 0.679343-0.025186 0.465030 0.030801
-0.025186 0.984213 0.028068 0.118808
 0.465030 0.028068 0.320415 0.026612
 0.030801 0.118808 0.026612 0.016029

-----------------------------------------------

 Best value,          real 4-dimensional component spaces:  0.81569233

-----------------------------------------------

 Upper limits (value, difference)

 Level 1 +ab            :    0.865331    0.049638
 Level 2                :    0.853963    0.038271
 Level 2 +aab           :    0.815692    0.000000
 Limit reached, maximum value is known
