 M_A= 4   M_B= 4
 Bell coefficients, M_A lines, M_B columns:
       | -1 -4 -1  0
   -----------------
    -1 | -3  2  1  1
    -4 |  2  1  2  2
    -1 |  1  2 -1  1
     0 |  1  2  1 -3

 Classical limit=  0.

-----------------------------------------------

 Limit with real qubits without degenerate measurements:  0.75000000

 Vector (Schmidt coefficients)  0.70710684  0.70710672

 Matrices of measurement operators of Alice (in Schmidt basis)
   dimensionalities of subspaces: 1 1 1 1
 1
 0.0234250-0.1512491
-0.1512491 0.9765750
 2
 0.3926983-0.4883506
-0.4883506 0.6073017
 3
 0.3926985-0.4883507
-0.4883507 0.6073015
 4
 0.8692734-0.3371011
-0.3371011 0.1307266

 Matrices of measurement operators of Bob (in Schmidt basis)
   dimensionalities of subspaces: 1 1 1 1
 1
 0.8692732-0.3371013
-0.3371013 0.1307268
 2
 0.3926983-0.4883506
-0.4883506 0.6073017
 3
 0.3926986-0.4883507
-0.4883507 0.6073014
 4
 0.0234251-0.1512492
-0.1512492 0.9765749


-----------------------------------------------

 Maximum value found with 6-dimensional real spaces:  0.75007544

 Vector (Schmidt coefficients)  0.28656231  0.51731229  0.28634127  0.51792310  0.38771469  0.38692596

 Matrices of measurement operators of Alice (in Schmidt basis)
   dimensionalities of subspaces: 3 3 3 3
 1
 0.096812-0.001503 0.295048 0.000047-0.002840 0.019390
-0.001503 0.739346-0.000466-0.438515 0.020341-0.001572
 0.295048-0.000466 0.903238-0.000844 0.018474 0.001908
 0.000047-0.438515-0.000844 0.260622-0.002264-0.019929
-0.002840 0.020341 0.018474-0.002264 0.182296-0.385092
 0.019390-0.001572 0.001908-0.019929-0.385092 0.817686
 2
 0.042878 0.000125-0.202408 0.000222-0.002903-0.007853
 0.000125 0.999803 0.000108-0.011472-0.008087 0.000550
-0.202408 0.000108 0.957074-0.000597 0.010369-0.002595
 0.000222-0.011472-0.000597 0.000266-0.000888-0.011554
-0.002903-0.008087 0.010369-0.000888 0.007248 0.083743
-0.007853 0.000550-0.002595-0.011554 0.083743 0.992732
 3
 0.042440 0.000503-0.200181-0.002040 0.015257-0.018138
 0.000503 0.999498-0.001444-0.011729-0.018859 0.002557
-0.200181-0.001444 0.951216 0.002739-0.079459 0.002830
-0.002040-0.011729 0.002739 0.006984 0.006834 0.082091
 0.015257-0.018859-0.079459 0.006834 0.013841 0.081857
-0.018138 0.002557 0.002830 0.082091 0.081857 0.986022
 4
 0.446865 0.000955-0.496672-0.000215-0.004808 0.021669
 0.000955 0.759359-0.000011 0.426877 0.022531-0.000099
-0.496672-0.000011 0.552946-0.000076 0.022652 0.000705
-0.000215 0.426877-0.000076 0.240870-0.004442-0.024650
-0.004808 0.022531 0.022652-0.004442 0.327066 0.468007
 0.021669-0.000099 0.000705-0.024650 0.468007 0.672894

 Matrices of measurement operators of Bob (in Schmidt basis)
   dimensionalities of subspaces: 3 3 3 3
 1
 0.446907 0.001558-0.496788-0.000334 0.002238-0.019382
 0.001558 0.759382 0.000178 0.426968-0.020294 0.002333
-0.496788 0.000178 0.553107 0.000777-0.019352-0.002581
-0.000334 0.426968 0.000777 0.240583 0.001542 0.019964
 0.002238-0.020294-0.019352 0.001542 0.326878 0.468225
-0.019382 0.002333-0.002581 0.019964 0.468225 0.673144
 2
 0.042633-0.000165-0.201866-0.000034 0.003165 0.007468
-0.000165 0.999798 0.000074-0.011668 0.008066-0.000540
-0.201866 0.000074 0.957278 0.000609-0.011827 0.002615
-0.000034-0.011668 0.000609 0.000270 0.000863 0.011517
 0.003165 0.008066-0.011827 0.000863 0.007187 0.083186
 0.007468-0.000540 0.002615 0.011517 0.083186 0.992833
 3
 0.043011 0.000097-0.201526-0.000729-0.015055 0.017914
 0.000097 0.999509-0.001571-0.011260 0.018842-0.002531
-0.201526-0.001571 0.950887-0.003309 0.077871-0.003334
-0.000729-0.011260-0.003309 0.006980-0.007420-0.082086
-0.015055 0.018842 0.077871-0.007420 0.013767 0.082926
 0.017914-0.002531-0.003334-0.082086 0.082926 0.985846
 4
 0.096812-0.000873 0.294973-0.000218 0.001021-0.020690
-0.000873 0.739318-0.000437-0.438421-0.022243 0.004219
 0.294973-0.000437 0.902946-0.000025-0.024569-0.004652
-0.000218-0.438421-0.000025 0.260908 0.000280 0.024932
 0.001021-0.022243-0.024569 0.000280 0.182600-0.384913
-0.020690 0.004219-0.004652 0.024932-0.384913 0.817416

-----------------------------------------------

 Best value,          real 6-dimensional component spaces:  0.75007544

-----------------------------------------------

 Upper limits (value, difference)

 Level 1 +ab            :    0.755761    0.005686
 Level 2                :    0.752345    0.002269
 Level 2 +aab           :    0.750095    0.000019
 Level 2 +aab+abb       :    0.750093    0.000018
 Level 3                :    0.750092    0.000017
 Level 3 +  25%(aabb)   :    0.750091    0.000016
 Limit has not been reached
