 M_A= 4   M_B= 4
 Bell coefficients, M_A lines, M_B columns:
       | -2 -2 -2  0
   -----------------
    -2 | -1  1  1  2
    -2 |  1 -1  1  2
    -2 |  1  1 -2  2
     0 |  2  2  2 -2

 Classical limit=  0.

-----------------------------------------------

 Limit with real qubits without degenerate measurements:  0.30564456

 Vector (Schmidt coefficients)  0.81555406  0.57868089

 Matrices of measurement operators of Alice (in Schmidt basis)
   dimensionalities of subspaces: 1 1 1 1
 1
 0.0471415 0.2119414
 0.2119414 0.9528585
 2
 0.0471415 0.2119414
 0.2119414 0.9528585
 3
 0.1547286 0.3616457
 0.3616457 0.8452714
 4
 0.2484228-0.4320983
-0.4320983 0.7515772

 Matrices of measurement operators of Bob (in Schmidt basis)
   dimensionalities of subspaces: 1 1 1 1
 1
 0.0471417-0.2119419
-0.2119419 0.9528583
 2
 0.0471417-0.2119419
-0.2119419 0.9528583
 3
 0.1547291-0.3616462
-0.3616462 0.8452709
 4
 0.2484221 0.4320979
 0.4320979 0.7515779

-----------------------------------------------

 Limit with real qubits allowing degenerate measurements:  0.43432356

 Vector (Schmidt coefficients)  0.72358168  0.69023877

 Matrices of measurement operators of Alice (in Schmidt basis)
   dimensionalities of subspaces: 1 1 1 2
 1
 0.2534305 0.4349752
 0.4349752 0.7465695
 2
 0.0218062 0.1460504
 0.1460504 0.9781938
 3
 0.7247430 0.4466437
 0.4466437 0.2752570
 4
 1.0000000 0.0000000
 0.0000000 1.0000000

 Matrices of measurement operators of Bob (in Schmidt basis)
   dimensionalities of subspaces: 2 1 1 1
 1
 1.0000000 0.0000000
 0.0000000 1.0000000
 2
 0.7734347 0.4186090
 0.4186090 0.2265653
 3
 0.0167579-0.1283630
-0.1283630 0.9832421
 4
 0.2894995 0.4535301
 0.4535301 0.7105005


-----------------------------------------------

 Maximum value found with 4-dimensional real spaces:  0.46767939

 Vector (Schmidt coefficients)  0.51850623  0.48078185  0.51850488  0.48078351

 Matrices of measurement operators of Alice (in Schmidt basis)
   dimensionalities of subspaces: 2 2 2 3
 1
 0.066700 0.021615-0.182748 0.168483
 0.021615 0.311646 0.271711 0.374471
-0.182748 0.271711 0.860205-0.114144
 0.168483 0.374471-0.114144 0.761450
 2
 0.226790-0.023399 0.367193 0.199946
-0.023399 0.643614 0.222367-0.423533
 0.367193 0.222367 0.700147 0.160198
 0.199946-0.423533 0.160198 0.429448
 3
 0.674253-0.127815-0.084509 0.442897
-0.127815 0.895344-0.252734 0.116156
-0.084509-0.252734 0.093507-0.117250
 0.442897 0.116156-0.117250 0.336896
 4
 0.987018 0.065941-0.091058 0.013175
 0.065941 0.665054 0.462526-0.066922
-0.091058 0.462526 0.361299 0.092412
 0.013175-0.066922 0.092412 0.986629

 Matrices of measurement operators of Bob (in Schmidt basis)
   dimensionalities of subspaces: 2 2 2 3
 1
 0.860350 0.114092 0.182722 0.271557
 0.114092 0.761534 0.168290-0.374515
 0.182722 0.168290 0.066611-0.021559
 0.271557-0.374515-0.021559 0.311505
 2
 0.700262-0.160186-0.367136 0.222365
-0.160186 0.429558 0.199907 0.423575
-0.367136 0.199907 0.226685 0.023394
 0.222365 0.423575 0.023394 0.643495
 3
 0.093378 0.117246 0.084515-0.252526
 0.117246 0.337130 0.442984-0.116155
 0.084515 0.442984 0.674019 0.127828
-0.252526-0.116155 0.127828 0.895473
 4
 0.361544-0.092358 0.091073 0.462607
-0.092358 0.986640 0.013174 0.066920
 0.091073 0.013174 0.987009-0.065989
 0.462607 0.066920-0.065989 0.664808

-----------------------------------------------

 Best value,          real 4-dimensional component spaces:  0.46767939

-----------------------------------------------

 Upper limits (value, difference)

 Level 1 +ab            :    0.542497    0.074817
 Level 2                :    0.507061    0.039381
 Level 2 +aab           :    0.478794    0.011115
 Level 2 +aab+abb       :    0.471759    0.004080
 Level 3                :    0.467758    0.000078
 Level 3 +  25%(aabb)   :    0.467679    0.000000
 Limit reached, maximum value is known
