 M_A= 4   M_B= 4
 Bell coefficients, M_A lines, M_B columns:
       |  0 -1  0 -1
   -----------------
     0 | -1 -1 -1  1
     0 | -1  1 -1  0
    -1 | -1  0  1  1
    -1 |  1  1  0  1

 Classical limit=  0.

-----------------------------------------------

 Limit with real qubits without degenerate measurements:  0.22294130

 Vector (Schmidt coefficients)  0.76386672  0.64537402

 Matrices of measurement operators of Alice (in Schmidt basis)
   dimensionalities of subspaces: 1 1 1 1
 1
 0.5199257-0.4996028
-0.4996028 0.4800743
 2
 0.9411147-0.2354098
-0.2354098 0.0588853
 3
 0.2877482-0.4527131
-0.4527131 0.7122518
 4
 0.9692684 0.1725896
 0.1725896 0.0307316

 Matrices of measurement operators of Bob (in Schmidt basis)
   dimensionalities of subspaces: 1 1 1 1
 1
 0.5199270 0.4996028
 0.4996028 0.4800730
 2
 0.9411155 0.2354084
 0.2354084 0.0588845
 3
 0.0307321 0.1725908
 0.1725908 0.9692679
 4
 0.7122508-0.4527136
-0.4527136 0.2877492

-----------------------------------------------

 Limit with real qubits allowing degenerate measurements:  0.29903811

 Vector (Schmidt coefficients)  0.70710678  0.70710678

 Matrices of measurement operators of Alice (in Schmidt basis)
   dimensionalities of subspaces: 0 1 1 1
 1
 0.0000000 0.0000000
 0.0000000 0.0000000
 2
 0.8615877 0.3453322
 0.3453322 0.1384123
 3
 0.6182720-0.4858104
-0.4858104 0.3817280
 4
 0.9798603-0.1404781
-0.1404781 0.0201397

 Matrices of measurement operators of Bob (in Schmidt basis)
   dimensionalities of subspaces: 0 1 1 1
 1
 0.0000000 0.0000000
 0.0000000 0.0000000
 2
 0.9858102 0.1182727
 0.1182727 0.0141898
 3
 0.3595217-0.4798602
-0.4798602 0.6404783
 4
 0.8453318-0.3615880
-0.3615880 0.1546682


-----------------------------------------------

 Maximum value found with 4-dimensional real spaces:  0.30036384

 Vector (Schmidt coefficients)  0.46949895  0.51230787  0.54468262  0.46950211

 Matrices of measurement operators of Alice (in Schmidt basis)
   dimensionalities of subspaces: 1 2 2 2
 1
 0.000000 0.000013 0.000015 0.000000
 0.000013 0.408692 0.491592-0.000181
 0.000015 0.491592 0.591308-0.000218
 0.000000-0.000181-0.000218 0.000000
 2
 0.779677-0.323791 0.213503 0.146139
-0.323791 0.495293 0.191638 0.329260
 0.213503 0.191638 0.276215 0.342946
 0.146139 0.329260 0.342946 0.448815
 3
 0.405238 0.447142 0.190264 0.069885
 0.447142 0.495242 0.191283 0.115984
 0.190264 0.191283 0.276181-0.356533
 0.069885 0.115984-0.356533 0.823339
 4
 0.341879 0.123270 0.403905 0.216017
 0.123270 0.505302-0.191421 0.445123
 0.403905-0.191421 0.723696-0.013377
 0.216017 0.445123-0.013377 0.429124

 Matrices of measurement operators of Bob (in Schmidt basis)
   dimensionalities of subspaces: 1 2 2 2
 1
 0.000000-0.000080 0.000097 0.000000
-0.000080 0.409078-0.491664-0.000154
 0.000097-0.491664 0.590922 0.000185
 0.000000-0.000154 0.000185 0.000000
 2
 0.608434-0.172979 0.399645 0.220463
-0.172979 0.495544-0.191283 0.428333
 0.399645-0.191283 0.276016 0.059379
 0.220463 0.428333 0.059379 0.620005
 3
 0.426350 0.457345-0.148470-0.115620
 0.457345 0.495244-0.191568-0.064147
-0.148470-0.191568 0.276094-0.375666
-0.115620-0.064147-0.375666 0.802312
 4
 0.191750 0.284392 0.251220 0.104841
 0.284392 0.505114 0.191242 0.364035
 0.251220 0.191242 0.723859-0.316547
 0.104841 0.364035-0.316547 0.579277

-----------------------------------------------

 Best value,          real 4-dimensional component spaces:  0.30036384

-----------------------------------------------

 Upper limits (value, difference)

 Level 1 +ab            :    0.340211    0.039847
 Level 2                :    0.318587    0.018223
 Level 2 +aab           :    0.305118    0.004754
 Level 2 +aab+abb       :    0.300757    0.000393
 Level 3                :    0.300364    0.000000
 Limit reached, maximum value is known
