 M_A= 4   M_B= 4
 Bell coefficients, M_A lines, M_B columns:
       | -2 -1 -1 -3
   -----------------
     0 |  1  1 -1 -1
    -2 |  2 -1 -3  4
    -2 | -1  2  2  3
    -1 |  2 -1  2  0

 Classical limit=  0.

-----------------------------------------------

 Limit with real qubits without degenerate measurements:  0.74405984

 Vector (Schmidt coefficients)  0.72890126  0.68461884

 Matrices of measurement operators of Alice (in Schmidt basis)
   dimensionalities of subspaces: 1 1 1 1
 1
 0.0285147-0.1664381
-0.1664381 0.9714853
 2
 0.3690541 0.4825486
 0.4825486 0.6309459
 3
 0.9922705-0.0875773
-0.0875773 0.0077295
 4
 0.6667780 0.4713651
 0.4713651 0.3332220

 Matrices of measurement operators of Bob (in Schmidt basis)
   dimensionalities of subspaces: 1 1 1 1
 1
 0.2804579 0.4492230
 0.4492230 0.7195421
 2
 0.6630201-0.4726780
-0.4726780 0.3369799
 3
 0.9859918-0.1175243
-0.1175243 0.0140082
 4
 0.8070971 0.3945775
 0.3945775 0.1929029


-----------------------------------------------

 Limit with complex qubits without degenerate measurements:  0.74497985

 Vector (Schmidt coefficients)  0.72705205  0.68658235

 Matrices of measurement operators of Alice (in Schmidt basis)
   dimensionalities of subspaces: 1 1 1 1
 1
( 0.0668193, 0.0000000)  ( 0.2418167,-0.0622830)
( 0.2418167, 0.0622830)  ( 0.9331807, 0.0000000)
 2
( 0.2582632, 0.0000000)  (-0.3751706, 0.2254115)
(-0.3751706,-0.2254115)  ( 0.7417368, 0.0000000)
 3
( 0.9380709, 0.0000000)  (-0.1418962,-0.1948316)
(-0.1418962, 0.1948316)  ( 0.0619291, 0.0000000)
 4
( 0.6010244, 0.0000000)  (-0.1745496, 0.4575221)
(-0.1745496,-0.4575221)  ( 0.3989756, 0.0000000)

 Matrices of measurement operators of Bob (in Schmidt basis)
   dimensionalities of subspaces: 1 1 1 1
 1
( 0.2145704, 0.0000000)  (-0.1769405,-0.3704349)
(-0.1769405, 0.3704349)  ( 0.7854296, 0.0000000)
 2
( 0.7041134, 0.0000000)  ( 0.1864052, 0.4166423)
( 0.1864052,-0.4166423)  ( 0.2958866, 0.0000000)
 3
( 0.9963292, 0.0000000)  ( 0.0570248, 0.0201379)
( 0.0570248,-0.0201379)  ( 0.0036708, 0.0000000)
 4
( 0.6673335, 0.0000000)  (-0.4641151,-0.0812202)
(-0.4641151, 0.0812202)  ( 0.3326665, 0.0000000)

-----------------------------------------------

 Maximum value found with 6-dimensional real spaces:  0.75105156

 Vector (Schmidt coefficients)  0.50738948  0.27326296  0.38501059  0.40257482  0.51848430  0.29792223

 Matrices of measurement operators of Alice (in Schmidt basis)
   dimensionalities of subspaces: 3 3 3 4
 1
 0.336187 0.002744-0.004455 0.133679-0.452295 0.026396
 0.002744 0.012294 0.022558 0.005332 0.003682 0.107630
-0.004455 0.022558 0.123650-0.256815-0.059010 0.195949
 0.133679 0.005332-0.256815 0.897290 0.074623 0.052343
-0.452295 0.003682-0.059010 0.074623 0.688249 0.030448
 0.026396 0.107630 0.195949 0.052343 0.030448 0.942330
 2
 0.016051 0.004522-0.021158-0.055363 0.110591-0.005461
 0.004522 0.222689 0.014497-0.033725-0.003446-0.414390
-0.021158 0.014497 0.144253 0.346589 0.009765-0.050666
-0.055363-0.033725 0.346589 0.854452 0.003117 0.005217
 0.110591-0.003446 0.009765 0.003117 0.987496-0.000453
-0.005461-0.414390-0.050666 0.005217-0.000453 0.775058
 3
 0.778932 0.001980-0.022431 0.078469 0.406825 0.005149
 0.001980 0.905030 0.032121 0.005833 0.001005-0.291341
-0.022431 0.032121 0.919578 0.251242-0.011314 0.095755
 0.078469 0.005833 0.251242 0.077849 0.041094 0.028033
 0.406825 0.001005-0.011314 0.041094 0.212479 0.002745
 0.005149-0.291341 0.095755 0.028033 0.002745 0.106133
 4
 0.428830-0.002558-0.014813-0.491549-0.044067-0.033858
-0.002558 0.999966-0.003510-0.001884-0.000107-0.003367
-0.014813-0.003510 0.468033 0.036227 0.012835-0.497262
-0.491549-0.001884 0.036227 0.572460-0.039212 0.016594
-0.044067-0.000107 0.012835-0.039212 0.996233 0.010440
-0.033858-0.003367-0.497262 0.016594 0.010440 0.534478

 Matrices of measurement operators of Bob (in Schmidt basis)
   dimensionalities of subspaces: 3 2 3 3
 1
 0.096086 0.006774-0.016604-0.251578-0.152092-0.010401
 0.006774 0.029068 0.044111-0.021585 0.002899-0.160489
-0.016604 0.044111 0.077908 0.067031-0.001282-0.255191
-0.251578-0.021585 0.067031 0.923996-0.042410 0.013352
-0.152092 0.002899-0.001282-0.042410 0.974403-0.001005
-0.010401-0.160489-0.255191 0.013352-0.001005 0.898539
 2
 0.834032 0.011509-0.007734 0.350597 0.112628 0.051251
 0.011509 0.001384 0.031049 0.003495 0.000556 0.016517
-0.007734 0.031049 0.792507-0.037422-0.026424 0.401643
 0.350597 0.003495-0.037422 0.148852 0.048439 0.004205
 0.112628 0.000556-0.026424 0.048439 0.016022-0.005958
 0.051251 0.016517 0.401643 0.004205-0.005958 0.207203
 3
 0.914489 0.003011-0.011111-0.175337 0.217295-0.010310
 0.003011 0.990616 0.019739 0.013429 0.003728 0.093291
-0.011111 0.019739 0.958210-0.039067 0.003580-0.194914
-0.175337 0.013429-0.039067 0.035612-0.041887 0.011824
 0.217295 0.003728 0.003580-0.041887 0.051681-0.003432
-0.010310 0.093291-0.194914 0.011824-0.003432 0.049392
 4
 0.302186 0.001579-0.026788-0.023278 0.457802-0.004953
 0.001579 0.602719 0.017904-0.024749-0.005166-0.488351
-0.026788 0.017904 0.547251 0.496057 0.016136-0.019898
-0.023278-0.024749 0.496057 0.452446 0.016799 0.015138
 0.457802-0.005166 0.016136 0.016799 0.699609-0.001978
-0.004953-0.488351-0.019898 0.015138-0.001978 0.395789

-----------------------------------------------
 Maximum value found with 12-dimensional real spaces:  0.75162199

 Vector (Schmidt coefficients)
 0.363931630128 0.114977420382 0.351490409169 0.215646556441 0.207473675940 0.124593629011
 0.270250573559 0.165388482572 0.454467517968 0.463534907442 0.280571006035 0.158751284543

 Matrices of measurement operators of Alice (in Schmidt basis)
   dimensionalities of subspaces: 6 6 6 7
 1
  0.8709081482  0.0001886763  0.2926308041 -0.0168978877  0.0164949070  0.0047263433  0.0478211852  0.0090547139  0.1285913391 -0.0754515524 -0.0398720501  0.0052019651
  0.0001886763  0.0047022278  0.0003897888 -0.0006368647  0.0037397544 -0.0665842246  0.0012859509  0.0009976990 -0.0001421713 -0.0001020020 -0.0003245928  0.0151424546
  0.2926308041  0.0003897888  0.1407068484  0.0408278956 -0.0055065399 -0.0067436477 -0.0185379332 -0.0164022442 -0.0040915260 -0.0740769620  0.1655578775 -0.0025572811
 -0.0168978877 -0.0006368647  0.0408278956  0.9190989341 -0.1975333306 -0.0126388413  0.1755285424 -0.0260346202 -0.0083461780  0.0135572789  0.0306098471 -0.0233575099
  0.0164949070  0.0037397544 -0.0055065399 -0.1975333306  0.0848126544 -0.0561660234 -0.0195955545 -0.1822661282 -0.0009672456 -0.0097959506 -0.0334289663 -0.0175988694
  0.0047263433 -0.0665842246 -0.0067436477 -0.0126388413 -0.0561660234  0.9453558058 -0.0209441461  0.0274167723  0.0009336895 -0.0032045537 -0.0076700775 -0.2063546994
  0.0478211852  0.0012859509 -0.0185379332  0.1755285424 -0.0195955545 -0.0209441461  0.1005301804 -0.0469647754 -0.0040251455 -0.0258974326 -0.2307149301 -0.0060686619
  0.0090547139  0.0009976990 -0.0164022442 -0.0260346202 -0.1822661282  0.0274167723 -0.0469647754  0.9273861227  0.0026876270 -0.0064091126 -0.0131745532  0.1729482693
  0.1285913391 -0.0001421713 -0.0040915260 -0.0083461780 -0.0009672456  0.0009336895 -0.0040251455  0.0026876270  0.4091068780  0.4738024082 -0.0245418545 -0.0001768926
 -0.0754515524 -0.0001020020 -0.0740769620  0.0135572789 -0.0097959506 -0.0032045537 -0.0258974326 -0.0064091126  0.4738024082  0.6121762242  0.0271202663 -0.0031838728
 -0.0398720501 -0.0003245928  0.1655578775  0.0306098471 -0.0334289663 -0.0076700775 -0.2307149301 -0.0131745532 -0.0245418545  0.0271202663  0.9050394821 -0.0094696084
  0.0052019651  0.0151424546 -0.0025572811 -0.0233575099 -0.0175988694 -0.2063546994 -0.0060686619  0.1729482693 -0.0001768926 -0.0031838728 -0.0094696084  0.0801764940
 2
  0.8727665445  0.0012480500 -0.3257560922 -0.0014894543 -0.0106771324  0.0000635841 -0.0352927826  0.0006446188 -0.0586721294  0.0013996304 -0.0104013820 -0.0034246086
  0.0012480500  0.2780547187  0.0006706835 -0.0159290816  0.0026707716  0.4443513700  0.0014254552  0.0532776021 -0.0003189604 -0.0000877309 -0.0046540725  0.0129217382
 -0.3257560922  0.0006706835  0.1276190704 -0.0097155067 -0.0037229821  0.0006137356 -0.0166836561  0.0025266192  0.0207963597  0.0103846696 -0.0654129849 -0.0015546173
 -0.0014894543 -0.0159290816 -0.0097155067  0.8039168843  0.3874031006  0.0010717363 -0.0689034968 -0.0120356042  0.0023778678  0.0000503904  0.0121533036  0.0464323602
 -0.0106771324  0.0026707716 -0.0037229821  0.3874031006  0.1958869119  0.0095722953 -0.0156852182  0.0704010085  0.0020445852  0.0010534063  0.0421450702 -0.0149538860
  0.0000635841  0.4443513700  0.0006137356  0.0010717363  0.0095722953  0.7196794253  0.0022306410  0.0029815756 -0.0001775609 -0.0000198385  0.0000516364  0.0646973859
 -0.0352927826  0.0014254552 -0.0166836561 -0.0689034968 -0.0156852182  0.0022306410  0.1719544136  0.0103159840  0.0054483414  0.0038164132  0.3683759457 -0.0031522145
  0.0006446188  0.0532776021  0.0025266192 -0.0120356042  0.0704010085  0.0029815756  0.0103159840  0.7864639375 -0.0007486777 -0.0000432726 -0.0015471158 -0.3998420779
 -0.0586721294 -0.0003189604  0.0207963597  0.0023778678  0.0020445852 -0.0001775609  0.0054483414 -0.0007486777  0.0055622601 -0.0392952103  0.0084542670  0.0007829423
  0.0013996304 -0.0000877309  0.0103846696  0.0000503904  0.0010534063 -0.0000198385  0.0038164132 -0.0000432726 -0.0392952103  0.9983272223 -0.0005197736  0.0003291180
 -0.0104013820 -0.0046540725 -0.0654129849  0.0121533036  0.0421450702  0.0000516364  0.3683759457 -0.0015471158  0.0084542670 -0.0005197736  0.8282078667  0.0131148916
 -0.0034246086  0.0129217382 -0.0015546173  0.0464323602 -0.0149538860  0.0646973859 -0.0031522145 -0.3998420779  0.0007829423  0.0003291180  0.0131148916  0.2115607447
 3
  0.0835216791 -0.0000535931 -0.2631263656 -0.0031494124 -0.0012504113  0.0005075828  0.0024884081  0.0015151944  0.0683853909 -0.0428488779 -0.0278812186  0.0003778124
 -0.0000535931  0.9408150965  0.0005971409 -0.0051885886  0.0061569304  0.2337649045  0.0024227061  0.0062148784 -0.0000710452  0.0001286469 -0.0005221675  0.0304309538
 -0.2631263656  0.0005971409  0.9137564994  0.0067004966 -0.0030819894 -0.0012751622 -0.0236238512 -0.0038259299  0.0215763532 -0.0103086608  0.0914732517 -0.0013452345
 -0.0031494124 -0.0051885886  0.0067004966  0.0522083175  0.1948467442 -0.0058454320  0.1006109129 -0.0247704100 -0.0022714263  0.0013228076  0.0256075688  0.0016320466
 -0.0012504113  0.0061569304 -0.0030819894  0.1948467442  0.9465180136 -0.0128422344 -0.0235216346 -0.1063577472  0.0004009474 -0.0010082037 -0.0001880577 -0.0240013866
  0.0005075828  0.2337649045 -0.0012751622 -0.0058454320 -0.0128422344  0.0731098362 -0.0049291064  0.0264930442  0.0002972347 -0.0001137161 -0.0021248645 -0.1103946914
  0.0024884081  0.0024227061 -0.0236238512  0.1006109129 -0.0235216346 -0.0049291064  0.9372200436 -0.0092004241  0.0014172310 -0.0003573291  0.2178653266 -0.0040350640
  0.0015151944  0.0062148784 -0.0038259299 -0.0247704100 -0.1063577472  0.0264930442 -0.0092004241  0.0487799746  0.0007611858 -0.0003319289 -0.0039381386 -0.1833484636
  0.0683853909 -0.0000710452  0.0215763532 -0.0022714263  0.0004009474  0.0002972347  0.0014172310  0.0007611858  0.7209766144 -0.4427345314 -0.0023163541  0.0000540081
 -0.0428488779  0.0001286469 -0.0103086608  0.0013228076 -0.0010082037 -0.0001137161 -0.0003573291 -0.0003319289 -0.4427345314  0.2718832678  0.0018498978 -0.0003749303
 -0.0278812186 -0.0005221675  0.0914732517  0.0256075688 -0.0001880577 -0.0021248645  0.2178653266 -0.0039381386 -0.0023163541  0.0018498978  0.0610244409  0.0023606381
  0.0003778124  0.0304309538 -0.0013452345  0.0016320466 -0.0240013866 -0.1103946914 -0.0040350640 -0.1833484636  0.0000540081 -0.0003749303  0.0023606381  0.9501862167
 4
  0.5831489815 -0.0000238332 -0.0472041510 -0.0047303679 -0.0021895646  0.0003294710 -0.0143704856  0.0010907211 -0.4861689005  0.0646859968 -0.0088533756 -0.0004178261
 -0.0000238332  0.9996393286 -0.0010393431 -0.0011037521 -0.0115987240  0.0077252639 -0.0033747894  0.0098270866  0.0002766560  0.0000435533 -0.0001138499 -0.0074819739
 -0.0472041510 -0.0010393431  0.4514966646 -0.0423556140 -0.0054139619  0.0048304672 -0.0255594761  0.0168267947  0.0096451206  0.0211549983 -0.4920292773 -0.0012930881
 -0.0047303679 -0.0011037521 -0.0423556140  0.5302125860  0.0514644234 -0.0059340160 -0.4919743844 -0.0356793829  0.0170746623  0.0024771900  0.0261388076  0.0171194763
 -0.0021895646 -0.0115987240 -0.0054139619  0.0514644234  0.4784522077  0.0486341225 -0.0351725388  0.4914491536  0.0017841055  0.0008881812  0.0158559552 -0.0365845742
  0.0003294710  0.0077252639  0.0048304672 -0.0059340160  0.0486341225  0.5098572930  0.0183632012  0.0402609275 -0.0014566294 -0.0002681665 -0.0013708146  0.4954361709
 -0.0143704856 -0.0033747894 -0.0255594761 -0.4919743844 -0.0351725388  0.0183632012  0.4678034251  0.0434341799  0.0056038486  0.0036390566  0.0502600955 -0.0046725940
  0.0010907211  0.0098270866  0.0168267947 -0.0356793829  0.4914491536  0.0402609275  0.0434341799  0.5210624555 -0.0045143550 -0.0009954875 -0.0052526765 -0.0531389731
 -0.4861689005  0.0002766560  0.0096451206  0.0170746623  0.0017841055 -0.0014566294  0.0056038486 -0.0045143550  0.4245504042  0.0737640714  0.0454327524  0.0003862628
  0.0646859968  0.0000435533  0.0211549983  0.0024771900  0.0008881812 -0.0002681665  0.0036390566 -0.0009954875  0.0737640714  0.9896085697  0.0137563949  0.0001638265
 -0.0088533756 -0.0001138499 -0.4920292773  0.0261388076  0.0158559552 -0.0013708146  0.0502600955 -0.0052526765  0.0454327524  0.0137563949  0.5456001103  0.0024199409
 -0.0004178261 -0.0074819739 -0.0012930881  0.0171194763 -0.0365845742  0.4954361709 -0.0046725940 -0.0531389731  0.0003862628  0.0001638265  0.0024199409  0.4985679740

 Matrices of measurement operators of Bob (in Schmidt basis)
   dimensionalities of subspaces: 6 5 6 6
 1
  0.9280876492  0.0002187870 -0.0491385662 -0.0034237082 -0.0019550438  0.0002127085 -0.0138827273  0.0007911687 -0.2461962811  0.0585306454 -0.0088705586 -0.0004905991
  0.0002187870  0.0582197607  0.0010533790 -0.0099410689  0.0142701709  0.2215309963  0.0042238222  0.0430017903 -0.0000803769  0.0002671122 -0.0022592368  0.0598200734
 -0.0491385662  0.0010533790  0.0792030137 -0.0183215802 -0.0064303562  0.0009752537 -0.0242583225  0.0059006633  0.0099040161  0.0007057768 -0.2634566328 -0.0022221769
 -0.0034237082 -0.0099410689 -0.0183215802  0.9015527624  0.1237975138 -0.0058494436 -0.2661732816 -0.0292908009  0.0048061636 -0.0015175095  0.0226993893  0.0265005753
 -0.0019550438  0.0142701709 -0.0064303562  0.1237975138  0.0994694627  0.0186106611 -0.0310526310  0.2663865367  0.0009818322 -0.0012976821  0.0210888311 -0.0357890838
  0.0002127085  0.2215309963  0.0009752537 -0.0058494436  0.0186106611  0.8649821749  0.0058383738  0.0287945425 -0.0000498516  0.0001110238 -0.0014767699  0.2578081704
 -0.0138827273  0.0042238222 -0.0242583225 -0.2661732816 -0.0310526310  0.0058383738  0.0911920554  0.0191145252  0.0035552954 -0.0028172622  0.0989047074 -0.0078978313
  0.0007911687  0.0430017903  0.0059006633 -0.0292908009  0.2663865367  0.0287945425  0.0191145252  0.8935611950 -0.0006811304  0.0004064504 -0.0055302771 -0.1420547295
 -0.2461962811 -0.0000803769  0.0099040161  0.0048061636  0.0009818322 -0.0000498516  0.0035552954 -0.0006811304  0.1187821874  0.2089996882  0.0156257802  0.0002648247
  0.0585306454  0.0002671122  0.0007057768 -0.0015175095 -0.0012976821  0.0001110238 -0.0028172622  0.0004064504  0.2089996882  0.9504150800 -0.0025690006 -0.0005282861
 -0.0088705586 -0.0022592368 -0.2634566328  0.0226993893  0.0210888311 -0.0014767699  0.0989047074 -0.0055302771  0.0156257802 -0.0025690006  0.9116532522  0.0047686298
 -0.0004905991  0.0598200734 -0.0022221769  0.0265005753 -0.0357890838  0.2578081704 -0.0078978313 -0.1420547295  0.0002648247 -0.0005282861  0.0047686298  0.1028814064
 2
  0.1396280053  0.0004209715  0.0401539942  0.0066682236  0.0059409600 -0.0016729348  0.0278334811 -0.0029152751  0.3360808043 -0.0683170845 -0.0058014837  0.0015988357
  0.0004209715  0.0047931250  0.0030369908  0.0001810698  0.0271219551 -0.0322691651  0.0084705423 -0.0088609167 -0.0010054285 -0.0001570168 -0.0004131486  0.0532197894
  0.0401539942  0.0030369908  0.8226556224  0.0597397942  0.0017561796 -0.0123368436 -0.0030492528 -0.0286745323  0.0026537022 -0.0344453193  0.3721859191 -0.0005005837
  0.0066682236  0.0001810698  0.0597397942  0.1977616461 -0.0776225890  0.0018305099  0.3846304868  0.0026512612 -0.0246113202 -0.0013216031 -0.0001911847 -0.0213278812
  0.0059409600  0.0271219551  0.0017561796 -0.0776225890  0.7869747947 -0.0767351907 -0.0008652507 -0.3928396999 -0.0019992326 -0.0023761111 -0.0243094340 -0.0057932602
 -0.0016729348 -0.0322691651 -0.0123368436  0.0018305099 -0.0767351907  0.2363740040 -0.0335407912 -0.0011603475  0.0046175538  0.0005896947  0.0015679493 -0.4150457076
  0.0278334811  0.0084705423 -0.0030492528  0.3846304868 -0.0008652507 -0.0335407912  0.8021217242 -0.0655385966 -0.0057504893 -0.0070802343 -0.0664646567 -0.0020766120
 -0.0029152751 -0.0088609167 -0.0286745323  0.0026512612 -0.3928396999 -0.0011603475 -0.0655385966  0.2105890502  0.0100330179  0.0011645318  0.0039461898  0.0811649900
  0.3360808043 -0.0010054285  0.0026537022 -0.0246113202 -0.0019992326  0.0046175538 -0.0057504893  0.0100330179  0.8270849028 -0.1633242505 -0.0511604149 -0.0003769327
 -0.0683170845 -0.0001570168 -0.0344453193 -0.0013216031 -0.0023761111  0.0005896947 -0.0070802343  0.0011645318 -0.1633242505  0.0337470030 -0.0044795854 -0.0005571607
 -0.0058014837 -0.0004131486  0.3721859191 -0.0001911847 -0.0243094340  0.0015679493 -0.0664646567  0.0039461898 -0.0511604149 -0.0044795854  0.1778754082 -0.0039420465
  0.0015988357  0.0532197894 -0.0005005837 -0.0213278812 -0.0057932602 -0.4150457076 -0.0020766120  0.0811649900 -0.0003769327 -0.0005571607 -0.0039420465  0.7603947142
 3
  0.0337338604 -0.0001856960  0.0102527442 -0.0020622647  0.0003152127  0.0001535819  0.0043019878  0.0004306759 -0.1713821888  0.0553891394 -0.0052755892  0.0001485964
 -0.0001856960  0.9801246286  0.0004977132  0.0023529155  0.0059937523 -0.1359320483  0.0018857963 -0.0139096432 -0.0000558927  0.0001613879  0.0006513349  0.0276330952
  0.0102527442  0.0004977132  0.9672217785 -0.0154326247 -0.0044524809  0.0010840614 -0.0157531291  0.0053926384  0.0087386865  0.0107629885 -0.1756917496 -0.0014961429
 -0.0020622647  0.0023529155 -0.0154326247  0.0405785581 -0.0942543661 -0.0059176494 -0.1700516382 -0.0214873504  0.0044512911 -0.0023215329  0.0163032709 -0.0097372270
  0.0003152127  0.0059937523 -0.0044524809 -0.0942543661  0.9602754391  0.0174022569 -0.0209678907  0.1667042188  0.0010762284  0.0003062670 -0.0078034206 -0.0247356558
  0.0001535819 -0.1359320483  0.0010840614 -0.0059176494  0.0174022569  0.0538520097  0.0061871494  0.0270854566 -0.0000558324  0.0000821654 -0.0013965186  0.1770918693
  0.0043019878  0.0018857963 -0.0157531291 -0.1700516382 -0.0209678907  0.0061871494  0.9643039141  0.0150194380  0.0037293338  0.0019059047 -0.0669502247 -0.0055408976
  0.0004306759 -0.0139096432  0.0053926384 -0.0214873504  0.1667042188  0.0270854566  0.0150194380  0.0433686134 -0.0006350331  0.0004870399 -0.0041420651  0.1097088289
 -0.1713821888 -0.0000558927  0.0087386865  0.0044512911  0.0010762284 -0.0000558324  0.0037293338 -0.0006350331  0.8752854862 -0.2819311640  0.0138576806  0.0002797983
  0.0553891394  0.0001613879  0.0107629885 -0.0023215329  0.0003062670  0.0000821654  0.0019059047  0.0004870399 -0.2819311640  0.0910133827 -0.0071819882  0.0000124430
 -0.0052755892  0.0006513349 -0.1756917496  0.0163032709 -0.0078034206 -0.0013965186 -0.0669502247 -0.0041420651  0.0138576806 -0.0071819882  0.0373654453 -0.0012946096
  0.0001485964  0.0276330952 -0.0014961429 -0.0097372270 -0.0247356558  0.1770918693 -0.0055408976  0.1097088289  0.0002797983  0.0000124430 -0.0012946096  0.9528768839
 4
  0.4750987692  0.0009794597 -0.4964535751 -0.0003557721 -0.0118571625 -0.0001032212 -0.0351404470  0.0000760709 -0.0317149396 -0.0132024952 -0.0186029538 -0.0033192873
  0.0009794597  0.6632948320  0.0000663404 -0.0127975821  0.0028636661  0.4702916956  0.0007829581  0.0396113134  0.0000246536 -0.0002485636 -0.0034514235  0.0201477693
 -0.4964535751  0.0000663404  0.5253821965 -0.0103316819 -0.0023016355  0.0004206668 -0.0225013377  0.0018421129  0.0288785801  0.0201219646 -0.0320698552 -0.0005694983
 -0.0003557721 -0.0127975821 -0.0103316819  0.3873051859  0.4832803011 -0.0013258199 -0.0317082044 -0.0208921262  0.0015667995 -0.0007735727  0.0201668454  0.0401992197
 -0.0118571625  0.0028636661 -0.0023016355  0.4832803011  0.6128868495  0.0101302338 -0.0221008113  0.0312747474  0.0010124104  0.0027068143  0.0383813185 -0.0221802763
 -0.0001032212  0.4702916956  0.0004206668 -0.0013258199  0.0101302338  0.3339268796  0.0017466997  0.0169276698 -0.0000377546  0.0001283263 -0.0002994027  0.0291747875
 -0.0351404470  0.0007829581 -0.0225013377 -0.0317082044 -0.0221008113  0.0017466997  0.5843357817  0.0105561530  0.0043623074  0.0094041083  0.4893096909 -0.0024334462
  0.0000760709  0.0396113134  0.0018421129 -0.0208921262  0.0312747474  0.0169276698  0.0105561530  0.3701945011 -0.0003679358  0.0003664765 -0.0013815548 -0.4793363429
 -0.0317149396  0.0000246536  0.0288785801  0.0015667995  0.0010124104 -0.0000377546  0.0043623074 -0.0003679358  0.2389269536 -0.4241445194  0.0089337391  0.0001504946
 -0.0132024952 -0.0002485636  0.0201219646 -0.0007735727  0.0027068143  0.0001283263  0.0094041083  0.0003664765 -0.4241445194  0.7634704065 -0.0028573147  0.0009126519
 -0.0186029538 -0.0034514235 -0.0320698552  0.0201668454  0.0383813185 -0.0002994027  0.4893096909 -0.0013815548  0.0089337391 -0.0028573147  0.4159681528  0.0125863281
 -0.0033192873  0.0201477693 -0.0005694983  0.0401992197 -0.0221802763  0.0291747875 -0.0024334462 -0.4793363429  0.0001504946  0.0009126519  0.0125863281  0.6292094917

-----------------------------------------------

 Best value,         real 12-dimensional component spaces: 0.75162199

-----------------------------------------------

 Upper limits (value, difference)

 Level 1 +ab            :    0.791770    0.040148
 Level 2                :    0.780513    0.028891
 Level 2 +aab           :    0.752570    0.000948
 Level 2 +aab+abb       :    0.751858    0.000236
 Level 3                :    0.751688    0.000066
 Level 3 +  25%(aabb)   :    0.751654    0.000032
 Limit has not been reached
