 M_A= 4   M_B= 5
 Bell coefficients, M_A lines, M_B columns:
       | -1  0  0 -1 -1
   --------------------
     0 |  1 -1 -1  0  0
     0 | -1  0 -1  1  0
    -1 |  0 -1  1  1  1
    -1 |  1  1  0  0  1

 Classical limit=  0.

-----------------------------------------------

 Limit with real qubits without degenerate measurements:  0.39741151

 Vector (Schmidt coefficients)  0.75514918  0.65555299

 Matrices of measurement operators of Alice (in Schmidt basis)
   dimensionalities of subspaces: 1 1 1 1
 1
 0.0513340 0.2206781
 0.2206781 0.9486660
 2
 0.5512023 0.4973714
 0.4973714 0.4487977
 3
 0.9813581 0.1352569
 0.1352569 0.0186419
 4
 0.5951304-0.4908668
-0.4908668 0.4048696

 Matrices of measurement operators of Bob (in Schmidt basis)
   dimensionalities of subspaces: 1 1 1 1 1
 1
 0.2349918-0.4239937
-0.4239937 0.7650082
 2
 0.4953413-0.4999783
-0.4999783 0.5046587
 3
 0.9069951-0.2904393
-0.2904393 0.0930049
 4
 0.8238806 0.3809217
 0.3809217 0.1761194
 5
 0.9267120-0.2606086
-0.2606086 0.0732880

-----------------------------------------------

 Limit with real qubits allowing degenerate measurements:  0.41421356

 Vector (Schmidt coefficients)  0.70710691  0.70710665

 Matrices of measurement operators of Alice (in Schmidt basis)
   dimensionalities of subspaces: 0 1 1 1
 1
 0.0000000 0.0000000
 0.0000000 0.0000000
 2
 0.5000002 0.5000000
 0.5000000 0.4999998
 3
 0.0000000-0.0000006
-0.0000006 1.0000000
 4
 0.4999999-0.5000000
-0.5000000 0.5000001

 Matrices of measurement operators of Bob (in Schmidt basis)
   dimensionalities of subspaces: 1 1 1 1 1
 1
 0.4999994-0.5000000
-0.5000000 0.5000006
 2
 0.8535538-0.3535530
-0.3535530 0.1464462
 3
 0.1464468-0.3535535
-0.3535535 0.8535532
 4
 0.1464465 0.3535532
 0.3535532 0.8535535
 5
 0.1464468-0.3535535
-0.3535535 0.8535532


-----------------------------------------------

 Limit with complex qubits without degenerate measurements:  0.40309769
 Note: better with real qubits with degenerate measurement

 Vector (Schmidt coefficients)  0.73432283  0.67880039

 Matrices of measurement operators of Alice (in Schmidt basis)
   dimensionalities of subspaces: 1 1 1 1
 1
( 0.0032733, 0.0000000)  ( 0.0566603,-0.0072277)
( 0.0566603, 0.0072277)  ( 0.9967267, 0.0000000)
 2
( 0.3532092, 0.0000000)  ( 0.4632862,-0.1175516)
( 0.4632862, 0.1175516)  ( 0.6467908, 0.0000000)
 3
( 0.4999974, 0.0000000)  (-0.0632824,-0.4959792)
(-0.0632824, 0.4959792)  ( 0.5000026, 0.0000000)
 4
( 0.6467903, 0.0000000)  (-0.4779604, 0.0025409)
(-0.4779604,-0.0025409)  ( 0.3532097, 0.0000000)

 Matrices of measurement operators of Bob (in Schmidt basis)
   dimensionalities of subspaces: 1 1 1 1 1
 1
( 0.3684823, 0.0000000)  (-0.4785139,-0.0610538)
(-0.4785139, 0.0610538)  ( 0.6315177, 0.0000000)
 2
( 0.8296348, 0.0000000)  (-0.2563185,-0.2750304)
(-0.2563185, 0.2750304)  ( 0.1703652, 0.0000000)
 3
( 0.8296322, 0.0000000)  (-0.3171660, 0.2018622)
(-0.3171660,-0.2018622)  ( 0.1703678, 0.0000000)
 4
( 0.4014491, 0.0000000)  ( 0.2677172, 0.4106279)
( 0.2677172,-0.4106279)  ( 0.5985509, 0.0000000)
 5
( 0.5985473, 0.0000000)  (-0.3622465, 0.3302513)
(-0.3622465,-0.3302513)  ( 0.4014527, 0.0000000)

-----------------------------------------------

 Maximum value found with 4-dimensional real spaces:  0.42523304

 Vector (Schmidt coefficients)  0.56928556  0.39440276  0.58359424  0.42400257

 Matrices of measurement operators of Alice (in Schmidt basis)
   dimensionalities of subspaces: 1 2 2 2
 1
 0.000000 0.000000 0.000038 0.000136
 0.000000 0.000001-0.000254-0.000899
 0.000038-0.000254 0.073779 0.261410
 0.000136-0.000899 0.261410 0.926220
 2
 0.998724 0.033537 0.008843 0.008443
 0.033537 0.031177 0.043920-0.164775
 0.008843 0.043920 0.063404-0.239534
 0.008443-0.164775-0.239534 0.906696
 3
 0.499694 0.000025-0.498901-0.033135
 0.000025 0.500906 0.033135-0.498900
-0.498901 0.033135 0.500304 0.000055
-0.033135-0.498900 0.000055 0.499096
 4
 0.001289-0.033545 0.009430 0.008537
-0.033545 0.969410 0.043509-0.163204
 0.009430 0.043509 0.936591 0.239596
 0.008537-0.163204 0.239596 0.092710

 Matrices of measurement operators of Bob (in Schmidt basis)
   dimensionalities of subspaces: 1 2 2 2 2
 1
 0.000000 0.000000 0.000230 0.000158
 0.000000 0.000000-0.000471-0.000323
 0.000230-0.000471 0.680134 0.466424
 0.000158-0.000323 0.466424 0.319866
 2
 0.177759-0.015971 0.381962-0.003261
-0.015971 0.970316 0.007632 0.168788
 0.381962 0.007632 0.822563 0.000288
-0.003261 0.168788 0.000288 0.029362
 3
 0.177299-0.015976-0.381574 0.003211
-0.015976 0.970924-0.007612-0.167086
-0.381574-0.007612 0.823022 0.000315
 0.003211-0.167086 0.000315 0.028755
 4
 0.852076 0.047831-0.348896-0.045018
 0.047831 0.216253 0.061527-0.404245
-0.348896 0.061527 0.173667-0.134138
-0.045018-0.404245-0.134138 0.758004
 5
 0.147491-0.047735-0.348472-0.045015
-0.047735 0.785208 0.061312-0.403260
-0.348472 0.061312 0.826762 0.134294
-0.045015-0.403260 0.134294 0.240539

-----------------------------------------------

 Best value,          real 4-dimensional component spaces:  0.42523304

-----------------------------------------------

 Upper limits (value, difference)

 Level 1 +ab            :    0.439603    0.014370
 Level 2                :    0.430276    0.005043
 Level 2 +aab           :    0.425233    0.000000
 Limit reached, maximum value is known
