 M_A= 4   M_B= 5
 Bell coefficients, M_A lines, M_B columns:
       | -2 -1 -1  0  0
   --------------------
     0 |  1 -1  1  0  0
     0 |  1  1  0 -1 -1
    -1 |  1  1  0  1  0
    -2 |  0  1  1  0  1

 Classical limit=  0.

-----------------------------------------------

 Limit with real qubits without degenerate measurements:  0.41538996

 Vector (Schmidt coefficients)  0.75220871  0.65892492

 Matrices of measurement operators of Alice (in Schmidt basis)
   dimensionalities of subspaces: 1 1 1 1
 1
 0.6989773-0.4587026
-0.4587026 0.3010227
 2
 0.0090031 0.0944566
 0.0944566 0.9909969
 3
 0.3041083-0.4600287
-0.4600287 0.6958917
 4
 0.4186268-0.4933340
-0.4933340 0.5813732

 Matrices of measurement operators of Bob (in Schmidt basis)
   dimensionalities of subspaces: 1 1 1 1 1
 1
 0.2195035-0.4139102
-0.4139102 0.7804965
 2
 0.0373997-0.1897393
-0.1897393 0.9626003
 3
 0.5618280-0.4961626
-0.4961626 0.4381720
 4
 0.7365123-0.4405246
-0.4405246 0.2634877
 5
 0.7875556-0.4090376
-0.4090376 0.2124444


-----------------------------------------------

 Maximum value found with 5-dimensional real spaces:  0.41580044

 Vector (Schmidt coefficients)  0.57705168  0.25201783  0.39996562  0.42449117  0.51315993

 Matrices of measurement operators of Alice (in Schmidt basis)
   dimensionalities of subspaces: 3 2 3 3
 1
 0.734926 0.045423 0.112998 0.208455-0.369492
 0.045423 0.189779-0.313718 0.229543 0.024304
 0.112998-0.313718 0.843854 0.008444 0.143199
 0.208455 0.229543 0.008444 0.748381 0.303466
-0.369492 0.024304 0.143199 0.303466 0.483060
 2
 0.008138 0.000099 0.020847-0.001832 0.087370
 0.000099 0.000171-0.012405-0.000385 0.004073
 0.020847-0.012405 0.998908 0.022389-0.001197
-0.001832-0.000385 0.022389 0.001188-0.026116
 0.087370 0.004073-0.001197-0.026116 0.991596
 3
 0.303195-0.013483 0.019908 0.016066-0.458728
-0.013483 0.998321 0.023983-0.029009-0.008838
 0.019908 0.023983 0.606881 0.487288 0.012459
 0.016066-0.029009 0.487288 0.393600 0.011380
-0.458728-0.008838 0.012459 0.011380 0.698004
 4
 0.437494 0.004577 0.005743 0.078197-0.489821
 0.004577 0.971989-0.128758 0.101414 0.018507
 0.005743-0.128758 0.407732 0.468741 0.071814
 0.078197 0.101414 0.468741 0.616850 0.015120
-0.489821 0.018507 0.071814 0.015120 0.565935

 Matrices of measurement operators of Bob (in Schmidt basis)
   dimensionalities of subspaces: 2 3 3 3 3
 1
 0.189329-0.026702 0.114507 0.002197-0.373703
-0.026702 0.017674-0.121296-0.039565 0.019263
 0.114507-0.121296 0.864142 0.298091 0.026804
 0.002197-0.039565 0.298091 0.110818 0.090050
-0.373703 0.019263 0.026804 0.090050 0.818037
 2
 0.066783-0.009634-0.075111-0.019527-0.237080
-0.009634 0.992966 0.042845-0.070370-0.010206
-0.075111 0.042845 0.719567 0.439806 0.029722
-0.019527-0.070370 0.439806 0.289594-0.083467
-0.237080-0.010206 0.029722-0.083467 0.931090
 3
 0.579410 0.026013 0.080391 0.160379-0.459166
 0.026013 0.653991-0.377095 0.284999 0.046746
 0.080391-0.377095 0.582557 0.288003 0.107589
 0.160379 0.284999 0.288003 0.686300 0.159378
-0.459166 0.046746 0.107589 0.159378 0.497743
 4
 0.738921-0.005172 0.003640 0.017039-0.438847
-0.005172 0.999086 0.025907-0.011642-0.008935
 0.003640 0.025907 0.177636 0.381060 0.013798
 0.017039-0.011642 0.381060 0.822085 0.025079
-0.438847-0.008935 0.013798 0.025079 0.262272
 5
 0.796997-0.000880-0.024535 0.036011-0.399867
-0.000880 0.993694-0.074989 0.024814 0.005095
-0.024535-0.074989 0.107222 0.297359 0.032822
 0.036011 0.024814 0.297359 0.897127 0.044212
-0.399867 0.005095 0.032822 0.044212 0.204960

-----------------------------------------------

 Best value,          real 5-dimensional component spaces:  0.41580044

-----------------------------------------------

 Upper limits (value, difference)

 Level 1 +ab            :    0.433910    0.018109
 Level 2                :    0.427980    0.012180
 Level 2 +aab           :    0.416144    0.000343
 Level 2 +aab+abb       :    0.415800    0.000000
 Limit reached, maximum value is known
