 M_A= 4   M_B= 5
 Bell coefficients, M_A lines, M_B columns:
       | -1  0  0 -2  0
   --------------------
    -2 |  1  1  1  2  0
     0 | -1 -1 -1  2  0
     0 |  1  0 -1  0 -1
    -1 |  1 -1  0  0  1

 Classical limit=  0.

-----------------------------------------------

 Limit with real qubits without degenerate measurements:  0.44995758

 Vector (Schmidt coefficients)  0.73139124  0.68195811

 Matrices of measurement operators of Alice (in Schmidt basis)
   dimensionalities of subspaces: 1 1 1 1
 1
 0.1031056-0.3040967
-0.3040967 0.8968944
 2
 0.8968950-0.3040959
-0.3040959 0.1031050
 3
 0.4253826 0.4944009
 0.4944009 0.5746174
 4
 0.4253838-0.4944011
-0.4944011 0.5746162

 Matrices of measurement operators of Bob (in Schmidt basis)
   dimensionalities of subspaces: 1 1 1 1 1
 1
 0.0000000-0.0000007
-0.0000007 1.0000000
 2
 0.0815464 0.2736724
 0.2736724 0.9184536
 3
 0.0815468-0.2736731
-0.2736731 0.9184532
 4
 0.5000004-0.5000000
-0.5000000 0.4999996
 5
 0.5000007-0.5000000
-0.5000000 0.4999993

-----------------------------------------------

 Limit with real qubits allowing degenerate measurements:  0.45246514

 Vector (Schmidt coefficients)  0.75179150  0.65940089

 Matrices of measurement operators of Alice (in Schmidt basis)
   dimensionalities of subspaces: 1 1 1 1
 1
 0.5177878-0.4996835
-0.4996835 0.4822122
 2
 0.9994887-0.0226065
-0.0226065 0.0005113
 3
 0.3521765 0.4776486
 0.4776486 0.6478235
 4
 0.1770983-0.3817518
-0.3817518 0.8229017

 Matrices of measurement operators of Bob (in Schmidt basis)
   dimensionalities of subspaces: 1 0 1 1 1
 1
 0.0352510-0.1844136
-0.1844136 0.9647490
 2
 0.0000000 0.0000000
 0.0000000 0.0000000
 3
 0.3057611-0.4607290
-0.4607290 0.6942389
 4
 0.8533640-0.3537427
-0.3537427 0.1466360
 5
 0.3993646-0.4897678
-0.4897678 0.6006354


-----------------------------------------------

 Limit with complex qubits without degenerate measurements:  0.45390106

 Vector (Schmidt coefficients)  0.73776021  0.67506287

 Matrices of measurement operators of Alice (in Schmidt basis)
   dimensionalities of subspaces: 1 1 1 1
 1
( 0.6518047, 0.0000000)  (-0.4763983, 0.0000027)
(-0.4763983,-0.0000027)  ( 0.3481953, 0.0000000)
 2
( 0.9294341, 0.0000000)  ( 0.2560983, 0.0000013)
( 0.2560983,-0.0000013)  ( 0.0705659, 0.0000000)
 3
( 0.2664789, 0.0000000)  ( 0.0795566,-0.4349007)
( 0.0795566, 0.4349007)  ( 0.7335211, 0.0000000)
 4
( 0.2664827, 0.0000000)  ( 0.0795571, 0.4349027)
( 0.0795571,-0.4349027)  ( 0.7335173, 0.0000000)

 Matrices of measurement operators of Bob (in Schmidt basis)
   dimensionalities of subspaces: 1 1 1 1 1
 1
( 0.1032527, 0.0000000)  (-0.3042886,-0.0000020)
(-0.3042886, 0.0000020)  ( 0.8967473, 0.0000000)
 2
( 0.4520497, 0.0000000)  (-0.4387372, 0.2349691)
(-0.4387372,-0.2349691)  ( 0.5479503, 0.0000000)
 3
( 0.4520513, 0.0000000)  (-0.4387372,-0.2349694)
(-0.4387372, 0.2349694)  ( 0.5479487, 0.0000000)
 4
( 0.9677746, 0.0000000)  (-0.1765982,-0.0000030)
(-0.1765982, 0.0000030)  ( 0.0322254, 0.0000000)
 5
( 0.5000021, 0.0000000)  ( 0.0000005,-0.5000000)
( 0.0000005, 0.5000000)  ( 0.4999979, 0.0000000)

-----------------------------------------------

 Maximum value found with 5-dimensional real spaces:  0.47584574

 Vector (Schmidt coefficients)  0.32734244  0.54412490  0.50072213  0.39767934  0.43347838

 Matrices of measurement operators of Alice (in Schmidt basis)
   dimensionalities of subspaces: 3 3 2 2
 1
 0.995717-0.059759-0.025832 0.002199-0.004673
-0.059759 0.150941-0.349315-0.015423 0.048248
-0.025832-0.349315 0.836234 0.046499-0.109984
 0.002199-0.015423 0.046499 0.860461 0.343021
-0.004673 0.048248-0.109984 0.343021 0.156648
 2
 0.983905 0.007947 0.022544-0.114629 0.046094
 0.007947 0.930985-0.250475 0.025533 0.028270
 0.022544-0.250475 0.088344 0.046333 0.123072
-0.114629 0.025533 0.046333 0.168777 0.352637
 0.046094 0.028270 0.123072 0.352637 0.827988
 3
 0.834728-0.040212 0.231021 0.228163 0.175817
-0.040212 0.257997-0.247700-0.008956 0.358305
 0.231021-0.247700 0.282503 0.061266-0.290199
 0.228163-0.008956 0.061266 0.062382 0.050973
 0.175817 0.358305-0.290199 0.050973 0.562391
 4
 0.814159-0.046371-0.245262 0.224002-0.197036
-0.046371 0.267737 0.272307 0.010862-0.345882
-0.245262 0.272307 0.325637-0.044461-0.288645
 0.224002 0.010862-0.044461 0.063735-0.086030
-0.197036-0.345882-0.288645-0.086030 0.528732

 Matrices of measurement operators of Bob (in Schmidt basis)
   dimensionalities of subspaces: 2 2 2 3 2
 1
 0.777152-0.050363-0.033032 0.410948-0.026098
-0.050363 0.004724-0.030803-0.027876 0.020961
-0.033032-0.030803 0.744609 0.010628-0.433605
 0.410948-0.027876 0.010628 0.218366-0.030234
-0.026098 0.020961-0.433605-0.030234 0.255149
 2
 0.027407-0.031483 0.141077-0.075782-0.004376
-0.031483 0.049980-0.214933-0.016978 0.002462
 0.141077-0.214933 0.928572 0.008076-0.012710
-0.075782-0.016978 0.008076 0.992866 0.031408
-0.004376 0.002462-0.012710 0.031408 0.001175
 3
 0.052067-0.017528-0.206694-0.079355-0.005367
-0.017528 0.007568 0.084049-0.011420 0.003056
-0.206694 0.084049 0.946018-0.015750 0.032139
-0.079355-0.011420-0.015750 0.992858-0.020379
-0.005367 0.003056 0.032139-0.020379 0.001489
 4
 0.995247-0.017428-0.014338-0.044118 0.047697
-0.017428 0.565661-0.491380 0.005615 0.062439
-0.014338-0.491380 0.436948 0.065195 0.010671
-0.044118 0.005615 0.065195 0.514895 0.493508
 0.047697 0.062439 0.010671 0.493508 0.487249
 5
 0.433501 0.004000-0.373350 0.147688-0.290447
 0.004000 0.502627 0.313334 0.029854-0.388469
-0.373350 0.313334 0.521209-0.109238 0.006987
 0.147688 0.029854-0.109238 0.051930-0.120821
-0.290447-0.388469 0.006987-0.120821 0.490733

-----------------------------------------------

 Maximum value found with 20-dimensional real spaces:  0.47595129

 Vector (Schmidt coefficients)
 0.214403316087 0.218235484304 0.286723395583 0.238118374751 0.262790453868 0.160300140024
 0.148557917633 0.346758152773 0.191426434899 0.159567003598 0.255189260113 0.178291386801
 0.199485492995 0.120425422492 0.190672905342 0.129460456827 0.276304593653 0.230521356847
 0.317602471122 0.183424495964

 Matrices of measurement operators of Alice (in Schmidt basis)
   dimensionalities of subspaces: 11 11  8  9
 1
  0.8534893332 -0.0041796817 -0.0157924827  0.0014104877  0.0462085910 -0.0000550745  0.0000560300 -0.0035771419 -0.0074139316  0.0003608602  0.0010307046 -0.0012136639 -0.0012680451  0.0001641840  0.0013339406 -0.0001368140  0.0041858802 -0.3500703487 -0.0007075196  0.0002396686
 -0.0041796817  0.8891035660 -0.0028006884  0.2917855726  0.0034371613  0.0019177423 -0.0006021676 -0.0001863560  0.1032814082 -0.0006677795  0.0001031025  0.0436435860  0.0212000958 -0.0054789007  0.0150961800  0.0044498161  0.0003235606 -0.0094714989  0.0000205347 -0.0053991680
 -0.0157924827 -0.0028006884  0.1221067131  0.0026208954 -0.3205189827 -0.0066513643 -0.0002847396 -0.0022184643  0.0006237008 -0.0480139953  0.0059626135 -0.0051232111 -0.0000587381  0.0002694625  0.0035063838  0.0001359395  0.0050565713 -0.0411074978  0.0074523689  0.0001774954
  0.0014104877  0.2917855726  0.0026208954  0.0961855080 -0.0088352920  0.0003998050  0.0035768367 -0.0000058013  0.0343487456  0.0029749737 -0.0004093627  0.0135360955  0.0044439766  0.0133970525  0.0044934070  0.0062886350 -0.0000414790 -0.0057420221 -0.0002090571 -0.0055764695
  0.0462085910  0.0034371613 -0.3205189827 -0.0088352920  0.8643915885 -0.0025704149 -0.0001118983 -0.0020811377  0.0033699192 -0.0179090770  0.0031042164 -0.0012605434  0.0001499570  0.0002485137  0.0010218231 -0.0001368839 -0.0025819421  0.1090545133  0.0025045396  0.0000353979
 -0.0000550745  0.0019177423 -0.0066513643  0.0003998050 -0.0025704149  0.1557892063 -0.3168563890  0.0001698569  0.0040538070  0.1191831077 -0.0000447011 -0.0045434226 -0.0496161048  0.0090459225  0.0006497036 -0.0198871095  0.0002373992  0.0000543835  0.0000948294 -0.1178345271
  0.0000560300 -0.0006021676 -0.0002847396  0.0035768367 -0.0001118983 -0.3168563890  0.8768472819  0.0000099857 -0.0016143105  0.0448644333 -0.0000011914 -0.0033087630 -0.0098741515 -0.0146748370 -0.0002078448  0.0538365924  0.0000065423  0.0002522408  0.0000053641 -0.0483445461
 -0.0035771419 -0.0001863560 -0.0022184643 -0.0000058013 -0.0020811377  0.0001698569  0.0000099857  0.1198830397 -0.0064008785  0.0012257688  0.0157003702 -0.0002652574 -0.0000373056 -0.0000111109  0.0455041130  0.0000043487 -0.0382857392  0.0006437903 -0.3188465107  0.0000537269
 -0.0074139316  0.1032814082  0.0006237008  0.0343487456  0.0033699192  0.0040538070 -0.0016143105 -0.0064008785  0.1770668161 -0.0052017782  0.0000277751 -0.3460061360 -0.0026739969  0.0043997624 -0.1178755277  0.0004144337 -0.0000207561 -0.0005048180 -0.0024413174 -0.0081061793
  0.0003608602 -0.0006677795 -0.0480139953  0.0029749737 -0.0179090770  0.1191831077  0.0448644333  0.0012257688 -0.0052017782  0.9803934487 -0.0003019632 -0.0016166937  0.0065340832 -0.0011701393 -0.0006529021  0.0023317150  0.0017093044  0.0007753480  0.0006938414  0.0168523501
  0.0010307046  0.0001031025  0.0059626135 -0.0004093627  0.0031042164 -0.0000447011 -0.0000011914  0.0157003702  0.0000277751 -0.0003019632  0.8496642512 -0.0000179283 -0.0000000303  0.0000104613  0.0000685627 -0.0000005870  0.3542004884  0.0063715256 -0.0440828643 -0.0000021236
 -0.0012136639  0.0436435860 -0.0051232111  0.0135360955 -0.0012605434 -0.0045434226 -0.0033087630 -0.0002652574 -0.3460061360 -0.0016166937 -0.0000179283  0.8543623511  0.0035408965  0.0011227503 -0.0496921024  0.0038331140  0.0000958678  0.0042670692 -0.0001065033 -0.0062833531
 -0.0012680451  0.0212000958 -0.0000587381  0.0044439766  0.0001499570 -0.0496161048 -0.0098741515 -0.0000373056 -0.0026739969  0.0065340832 -0.0000000303  0.0035408965  0.1334731699 -0.0554152637 -0.0015092797 -0.0137143351  0.0000033245  0.0000921989 -0.0000205008  0.3306121506
  0.0001641840 -0.0054789007  0.0002694625  0.0133970525  0.0002485137  0.0090459225 -0.0146748370 -0.0000111109  0.0043997624 -0.0011701393  0.0000104613  0.0011227503 -0.0554152637  0.9118111309  0.0005254585  0.2764118106 -0.0000209454  0.0005053443 -0.0000001857  0.0201963317
  0.0013339406  0.0150961800  0.0035063838  0.0044934070  0.0010218231  0.0006497036 -0.0002078448  0.0455041130 -0.1178755277 -0.0006529021  0.0000685627 -0.0496921024 -0.0015092797  0.0005254585  0.9806156025  0.0001652448 -0.0002523816  0.0051643327  0.0167373876 -0.0007196274
 -0.0001368140  0.0044498161  0.0001359395  0.0062886350 -0.0001368839 -0.0198871095  0.0538365924  0.0000043487  0.0004144337  0.0023317150 -0.0000005870  0.0038331140 -0.0137143351  0.2764118106  0.0001652448  0.0878277228 -0.0000066358  0.0001512058 -0.0000048075  0.0121987957
  0.0041858802  0.0003235606  0.0050565713 -0.0000414790 -0.0025819421  0.0002373992  0.0000065423 -0.0382857392 -0.0000207561  0.0017093044  0.3542004884  0.0000958678  0.0000033245 -0.0000209454 -0.0002523816 -0.0000066358  0.1647930324  0.0008719282  0.1032416075  0.0000027691
 -0.3500703487 -0.0094714989 -0.0411074978 -0.0057420221  0.1090545133  0.0000543835  0.0002522408  0.0006437903 -0.0005048180  0.0007753480  0.0063715256  0.0042670692  0.0000921989  0.0005053443  0.0051643327  0.0001512058  0.0008719282  0.1628825053  0.0030146769 -0.0004532958
 -0.0007075196  0.0000205347  0.0074523689 -0.0002090571  0.0025045396  0.0000948294  0.0000053641 -0.3188465107 -0.0024413174  0.0006938414 -0.0440828643 -0.0001065033 -0.0000205008 -0.0000001857  0.0167373876 -0.0000048075  0.1032416075  0.0030146769  0.8679357659  0.0000194456
  0.0002396686 -0.0053991680  0.0001774954 -0.0055764695  0.0000353979 -0.1178345271 -0.0483445461  0.0000537269 -0.0081061793  0.0168523501 -0.0000021236 -0.0062833531  0.3306121506  0.0201963317 -0.0007196274  0.0121987957  0.0000027691 -0.0004532958  0.0000194456  0.8513779665
 2
  0.1464552003 -0.0024670673  0.0137570974 -0.0006268536  0.0465510663 -0.0004598170  0.0000835824  0.0087272741  0.0011252228 -0.0033708121  0.0004680020 -0.0014356093  0.0014214253 -0.0002618961  0.0600942081  0.0005586736 -0.0080352331 -0.3447782307 -0.0012126236  0.0005144791
 -0.0024670673  0.1261988928 -0.0001551236  0.3113009442  0.0031237885 -0.0004648811 -0.0014506962  0.0004935065 -0.1034826462  0.0045866951  0.0000267194  0.0431415273 -0.0200523606  0.0072021868 -0.0109955417 -0.0108666126 -0.0005283858  0.0024838147 -0.0000496045 -0.0074651809
  0.0137570974 -0.0001551236  0.9104337978  0.0027874415 -0.2825849695  0.0003831725 -0.0001098019 -0.0025355316  0.0029990935  0.0031973847  0.0040517203  0.0095412066  0.0000659747  0.0004728083 -0.0013097809 -0.0008247974 -0.0009274372 -0.0361933023 -0.0067726110 -0.0004658693
 -0.0006268536  0.3113009442  0.0027874415  0.8871733813  0.0077243403 -0.0023927638 -0.0036260289 -0.0000807549  0.0377192045 -0.0012119080  0.0007657676 -0.0136883846  0.0043546485  0.0177765304  0.0041763377 -0.0330810557 -0.0002199373 -0.0002484898  0.0002483276  0.0065332703
  0.0465510663  0.0031237885 -0.2825849695  0.0077243403  0.1064665190  0.0012174137  0.0000903810 -0.0004560816 -0.0028422442  0.0082703652  0.0027036261 -0.0012574659 -0.0002373549 -0.0000718060 -0.0062298279  0.0001360380  0.0053763890 -0.1134944615  0.0022030780 -0.0000043809
 -0.0004598170 -0.0004648811  0.0003831725 -0.0023927638  0.0012174137  0.8368285833 -0.3434979241 -0.0000020411 -0.0025552820  0.0255016897 -0.0000076712  0.0010585483 -0.0362682431 -0.0244449331 -0.0005134181 -0.0162699359 -0.0000081339 -0.0001952799 -0.0000190058  0.1253473592
  0.0000835824 -0.0014506962 -0.0001098019 -0.0036260289  0.0000903810 -0.3434979241  0.1538766449  0.0000002530  0.0004453556  0.0559771832  0.0000007345 -0.0038515841  0.0198224090 -0.0691844535  0.0001505164 -0.0375729867  0.0000056384 -0.0001908868 -0.0000025507 -0.0495261180
  0.0087272741  0.0004935065 -0.0025355316 -0.0000807549 -0.0004560816 -0.0000020411  0.0000002530  0.9082012636  0.0002897184 -0.0000218737 -0.0137613366 -0.0002680522 -0.0000069984 -0.0000061884 -0.0031048930  0.0000115454 -0.0347799449  0.0024767407 -0.2861358522  0.0000128520
  0.0011252228 -0.1034826462  0.0029990935  0.0377192045 -0.0028422442 -0.0025552820  0.0004453556  0.0002897184  0.8472689946 -0.0192885572 -0.0000564964 -0.3402259533 -0.0105318728 -0.0021335063 -0.0249989796  0.0029215006  0.0000938627 -0.0023686967  0.0011516485  0.0191323039
 -0.0033708121  0.0045866951  0.0031973847 -0.0012119080  0.0082703652  0.0255016897  0.0559771832 -0.0000218737 -0.0192885572  0.9929612600 -0.0000684416 -0.0499674271  0.0035825045  0.0036104955 -0.0029993428  0.0032847856 -0.0000797350 -0.0005484183 -0.0001376663 -0.0133470775
  0.0004680020  0.0000267194  0.0040517203  0.0007657676  0.0027036261 -0.0000076712  0.0000007345 -0.0137613366 -0.0000564964 -0.0000684416  0.1851715275  0.0000535525  0.0000033382 -0.0000085563  0.0003082209  0.0000023378  0.3846326311 -0.0094598927 -0.0513543567 -0.0000034570
 -0.0014356093  0.0431415273  0.0095412066 -0.0136883846 -0.0012574659  0.0010585483 -0.0038515841 -0.0002680522 -0.3402259533 -0.0499674271  0.0000535525  0.1448182283 -0.0018679687 -0.0019247723 -0.0573070897 -0.0026700276 -0.0001680165 -0.0077615250  0.0001336898 -0.0088024398
  0.0014214253 -0.0200523606  0.0000659747  0.0043546485 -0.0002373549 -0.0362682431  0.0198224090 -0.0000069984 -0.0105318728  0.0035825045  0.0000033382 -0.0018679687  0.9152559021  0.0235075559 -0.0020190747 -0.0279767083  0.0000043557  0.0003425214  0.0000130445  0.2719638607
 -0.0002618961  0.0072021868  0.0004728083  0.0177765304 -0.0000718060 -0.0244449331 -0.0691844535 -0.0000061884 -0.0021335063  0.0036104955 -0.0000085563 -0.0019247723  0.0235075559  0.7562907169 -0.0002440839  0.4216930265 -0.0000256646  0.0006997745  0.0000085531 -0.0127826069
  0.0600942081 -0.0109955417 -0.0013097809  0.0041763377 -0.0062298279 -0.0005134181  0.0001505164 -0.0031048930 -0.0249989796 -0.0029993428  0.0003082209 -0.0573070897 -0.0020190747 -0.0002440839  0.9915836935  0.0003147794 -0.0007149535  0.0233885746 -0.0076259885  0.0041583173
  0.0005586736 -0.0108666126 -0.0008247974 -0.0330810557  0.0001360380 -0.0162699359 -0.0375729867  0.0000115454  0.0029215006  0.0032847856  0.0000023378 -0.0026700276 -0.0279767083  0.4216930265  0.0003147794  0.2391066431  0.0000557065 -0.0012830944 -0.0000047887 -0.0202202421
 -0.0080352331 -0.0005283858 -0.0009274372 -0.0002199373  0.0053763890 -0.0000081339  0.0000056384 -0.0347799449  0.0000938627 -0.0000797350  0.3846326311 -0.0001680165  0.0000043557 -0.0000256646 -0.0007149535  0.0000557065  0.7996254059  0.0018371821 -0.1047574281  0.0000017981
 -0.3447782307  0.0024838147 -0.0361933023 -0.0002484898 -0.1134944615 -0.0001952799 -0.0001908868  0.0024767407 -0.0023686967 -0.0005484183 -0.0094598927 -0.0077615250  0.0003425214  0.0006997745  0.0233885746 -0.0012830944  0.0018371821  0.8408857986 -0.0035432197  0.0007780602
 -0.0012126236 -0.0000496045 -0.0067726110  0.0002483276  0.0022030780 -0.0000190058 -0.0000025507 -0.2861358522  0.0011516485 -0.0001376663 -0.0513543567  0.0001336898  0.0000130445  0.0000085531 -0.0076259885 -0.0000047887 -0.1047574281 -0.0035432197  0.1070743645 -0.0000122604
  0.0005144791 -0.0074651809 -0.0004658693  0.0065332703 -0.0000043809  0.1253473592 -0.0495261180  0.0000128520  0.0191323039 -0.0133470775 -0.0000034570 -0.0088024398  0.2719638607 -0.0127826069  0.0041583173 -0.0202202421  0.0000017981  0.0007780602 -0.0000122604  0.1043231819
 3
  0.1143660460 -0.0081554541  0.0027325650  0.0116237372  0.0009585367  0.0013587553  0.0045471903 -0.0021140780  0.0283361070  0.0049108834 -0.0006835012  0.0031514211 -0.0007252138  0.0004001586 -0.2981228766  0.0114583490  0.0803032025  0.0156502141 -0.0671381157 -0.0013087424
 -0.0081554541  0.3068276793 -0.0014131579 -0.2684247447 -0.0019594367 -0.0110381207 -0.0818675517 -0.0000353718  0.2953809082 -0.0058136985 -0.0002105822  0.0021461873  0.0233967320 -0.0092404566  0.0253900974 -0.2116914187  0.0047095768 -0.0089597937 -0.0036095491  0.0155435344
  0.0027325650 -0.0014131579  0.2615168104 -0.0145866817  0.2635725572 -0.0051849167  0.0000875776  0.0123773004 -0.0035617606 -0.0386311119  0.0045480054 -0.0017857477 -0.0006440479  0.0003745428  0.0115848621  0.0016874604  0.0096897703  0.3483262279  0.0127026894 -0.0000820273
  0.0116237372 -0.2684247447 -0.0145866817  0.2702865442 -0.0144035274  0.0038790107  0.0086018242  0.0004487007 -0.3456622001  0.0089140274 -0.0000832992 -0.0031552600 -0.0268235538  0.0089605595 -0.0483490364  0.0407009178  0.0005459388 -0.0111001655  0.0007110083 -0.0067465557
  0.0009585367 -0.0019594367  0.2635725572 -0.0144035274  0.3055116889 -0.0292582301  0.0003931716 -0.0015505854 -0.0074978032 -0.2113013694  0.0056137973 -0.0715292630 -0.0011526013  0.0001874528  0.0091504878  0.0043184728 -0.0083064848  0.3026386591 -0.0017075018  0.0038379403
  0.0013587553 -0.0110381207 -0.0051849167  0.0038790107 -0.0292582301  0.5398875929  0.0385475274  0.0002897368 -0.0098382614  0.0331941299 -0.0009484776  0.0242594453  0.3497112201  0.1941902752  0.0001139108 -0.0179825326 -0.0004789440  0.0234275480  0.0007291907 -0.2885003738
  0.0045471903 -0.0818675517  0.0000875776  0.0086018242  0.0003931716  0.0385475274  0.1459835327  0.0000222099  0.0869614024 -0.0048335822  0.0000411400  0.0030606134  0.0066872601  0.0835409250  0.0119783417  0.3187787329  0.0000523852 -0.0012355274 -0.0000102519  0.0023638214
 -0.0021140780 -0.0000353718  0.0123773004  0.0004487007 -0.0015505854  0.0002897368  0.0000222099  0.2550591446 -0.0054352805  0.0020862380  0.0075269283  0.0000131678 -0.0000190191 -0.0000080710  0.0394533531 -0.0000093141  0.3480855905 -0.0019684702  0.2588996864  0.0000353572
  0.0283361070  0.2953809082 -0.0035617606 -0.3456622001 -0.0074978032 -0.0098382614  0.0869614024 -0.0054352805  0.5276617240  0.0092760513 -0.0007241756  0.0139309086  0.0222067724  0.0079861675 -0.0352259773  0.1736180708  0.0227957609 -0.0080581594 -0.0289520982  0.0172530035
  0.0049108834 -0.0058136985 -0.0386311119  0.0089140274 -0.2113013694  0.0331941299 -0.0048335822  0.0020862380  0.0092760513  0.7744828018 -0.0068474831  0.3098188020 -0.0471922216 -0.0274965294  0.0083138522 -0.0038907697 -0.0034126569  0.1659776679  0.0052843037  0.0218040222
 -0.0006835012 -0.0002105822  0.0045480054 -0.0000832992  0.0056137973 -0.0009484776  0.0000411400  0.0075269283 -0.0007241756 -0.0068474831  0.0003449616 -0.0025835136 -0.0000427327  0.0000074532  0.0028565924  0.0001960510  0.0097543547  0.0036709008  0.0079773927  0.0001410396
  0.0031514211  0.0021461873 -0.0017857477 -0.0031552600 -0.0715292630  0.0242594453  0.0030606134  0.0000131678  0.0139309086  0.3098188020 -0.0025835136  0.1256632213 -0.0155459780  0.0142172745  0.0020371384  0.0024029943 -0.0020208349  0.0856447021  0.0006190130  0.0121787048
 -0.0007252138  0.0233967320 -0.0006440479 -0.0268235538 -0.0011526013  0.3497112201  0.0066872601 -0.0000190191  0.0222067724 -0.0471922216 -0.0000427327 -0.0155459780  0.2693138533 -0.0355989763  0.0030662560 -0.0187497164  0.0001331064 -0.0009328897 -0.0001300468 -0.2618797309
  0.0004001586 -0.0092404566  0.0003745428  0.0089605595  0.0001874528  0.1941902752  0.0835409250 -0.0000080710  0.0079861675 -0.0274965294  0.0000074532  0.0142172745 -0.0355989763  0.8746534679  0.0008536742 -0.0353628682 -0.0000164027  0.0001572345 -0.0000069857  0.2474657032
 -0.2981228766  0.0253900974  0.0115848621 -0.0483490364  0.0091504878  0.0001139108  0.0119783417  0.0394533531 -0.0352259773  0.0083138522  0.0028565924  0.0020371384  0.0030662560  0.0008536742  0.7888612791  0.0238899642 -0.1637056625 -0.0122499316  0.2095767709  0.0025369192
  0.0114583490 -0.2116914187  0.0016874604  0.0407009178  0.0043184728 -0.0179825326  0.3187787329 -0.0000093141  0.1736180708 -0.0038907697  0.0001960510  0.0024029943 -0.0187497164 -0.0353628682  0.0238899642  0.7620218352  0.0000258246 -0.0024135260 -0.0000901425 -0.0208772543
  0.0803032025  0.0047095768  0.0096897703  0.0005459388 -0.0083064848 -0.0004789440  0.0000523852  0.3480855905  0.0227957609 -0.0034126569  0.0097543547 -0.0020208349  0.0001331064 -0.0000164027 -0.1637056625  0.0000258246  0.5364226974 -0.0070407412  0.3056075028  0.0000162391
  0.0156502141 -0.0089597937  0.3483262279 -0.0111001655  0.3026386591  0.0234275480 -0.0012355274 -0.0019684702 -0.0080581594  0.1659776679  0.0036709008  0.0856447021 -0.0009328897  0.0001572345 -0.0122499316 -0.0024135260 -0.0070407412  0.5288473348 -0.0066475215 -0.0055934684
 -0.0671381157 -0.0036095491  0.0127026894  0.0007110083 -0.0017075018  0.0007291907 -0.0000102519  0.2588996864 -0.0289520982  0.0052843037  0.0079773927  0.0006190130 -0.0001300468 -0.0000069857  0.2095767709 -0.0000901425  0.3056075028 -0.0066475215  0.3000192119  0.0001303394
 -0.0013087424  0.0155435344 -0.0000820273 -0.0067465557  0.0038379403 -0.2885003738  0.0023638214  0.0000353572  0.0172530035  0.0218040222  0.0001410396  0.0121787048 -0.2618797309  0.2474657032  0.0025369192 -0.0208772543  0.0000162391 -0.0055934684  0.0001303394  0.3122685728
 4
  0.1194514263 -0.0083196333  0.0031773376 -0.0122185406 -0.0025646178 -0.0011871328 -0.0042339723 -0.0105125017  0.0280470608 -0.0021778760  0.0037874468  0.0004991646 -0.0000709295 -0.0010908569 -0.3034529686 -0.0110668354 -0.0720039247 -0.0050533307  0.0812051004  0.0001858086
 -0.0083196333  0.3103680490  0.0024768557  0.2690056021  0.0040629753  0.0175880037  0.0767215428 -0.0005906339  0.3027468910  0.0006693837  0.0006483259 -0.0035266747  0.0074701143  0.0211127110  0.0261327923  0.2059576451 -0.0041822727  0.0049347845  0.0043462052 -0.0074314193
  0.0031773376  0.0024768557  0.2669742962  0.0140378553 -0.2598970088 -0.0049140072 -0.0003636284 -0.0116023948  0.0001097892 -0.0351475467 -0.0023710946 -0.0105710851  0.0003527264  0.0000185826  0.0002772739  0.0009189483  0.0107560617 -0.3553752533  0.0043506885  0.0006396557
 -0.0122185406  0.2690056021  0.0140378553  0.2641823419 -0.0062682858  0.0005822371  0.0062366314 -0.0003849071  0.3415943417  0.0021370206 -0.0005715840 -0.0024698223  0.0219001987  0.0047563932  0.0477332644  0.0438233266 -0.0000686317 -0.0120155231  0.0000750549  0.0075979242
 -0.0025646178  0.0040629753 -0.2598970088 -0.0062682858  0.2990490993  0.0300755567 -0.0004888538  0.0021262499  0.0098514239  0.2176057766 -0.0198047125  0.0863142136  0.0005275821 -0.0002217340 -0.0029503628 -0.0039416158  0.0028365075  0.2928138781  0.0039756107 -0.0045302600
 -0.0011871328  0.0175880037 -0.0049140072  0.0005822371  0.0300755567  0.5600390760 -0.0155470383  0.0000822016  0.0164232147  0.0295656219  0.0009670327  0.0257733702 -0.3564498397 -0.1786130400  0.0020901919  0.0128772688  0.0008683776 -0.0239779801 -0.0007431152 -0.2887892322
 -0.0042339723  0.0767215428 -0.0003636284  0.0062366314 -0.0004888538 -0.0155470383  0.1469999854 -0.0000063417 -0.0891115624  0.0058054108 -0.0000464253 -0.0006665524 -0.0060815601  0.1008480325 -0.0122784093  0.3166031969 -0.0000576630  0.0020955556  0.0000133088 -0.0251161594
 -0.0105125017 -0.0005906339 -0.0116023948 -0.0003849071  0.0021262499  0.0000822016 -0.0000063417  0.2600871798 -0.0050331751  0.0006408040  0.0009160009 -0.0001934594 -0.0000266850 -0.0000063818  0.0364214849 -0.0000721485 -0.3539845627 -0.0001138055 -0.2559950194  0.0000406807
  0.0280470608  0.3027468910  0.0001097892  0.3415943417  0.0098514239  0.0164232147 -0.0891115624 -0.0050331751  0.5257830815 -0.0029037308  0.0000979145 -0.0045890199  0.0191939166 -0.0071560654 -0.0339243829 -0.1695915271 -0.0235938458  0.0082430529  0.0297680574  0.0011010087
 -0.0021778760  0.0006693837 -0.0351475467  0.0021370206  0.2176057766  0.0295656219  0.0058054108  0.0006408040 -0.0029037308  0.7624077680  0.0070194277  0.3139009395  0.0495210942  0.0245307105 -0.0014803853 -0.0010325642  0.0062807307 -0.1715894935 -0.0054255149  0.0218139305
  0.0037874468  0.0006483259 -0.0023710946 -0.0005715840 -0.0198047125  0.0009670327 -0.0000464253  0.0009160009  0.0000979145  0.0070194277  0.9993825496  0.0028621208  0.0000192004 -0.0000136657  0.0009117914 -0.0002048930  0.0011277968  0.0119253016 -0.0007060084 -0.0001464890
  0.0004991646 -0.0035266747 -0.0105710851 -0.0024698223  0.0863142136  0.0257733702 -0.0006665524 -0.0001934594 -0.0045890199  0.3139009395  0.0028621208  0.1301490696  0.0148914554 -0.0137366834 -0.0041311091 -0.0004970824  0.0023138351 -0.0766420074 -0.0012100422  0.0096556677
 -0.0000709295  0.0074701143  0.0003527264  0.0219001987  0.0005275821 -0.3564498397 -0.0060815601 -0.0000266850  0.0191939166  0.0495210942  0.0000192004  0.0148914554  0.2619137439 -0.0321601488  0.0021856423  0.0034424595 -0.0001232850  0.0001176383  0.0001327177  0.2481777203
 -0.0010908569  0.0211127110  0.0000185826  0.0047563932 -0.0002217340 -0.1786130400  0.1008480325 -0.0000063818 -0.0071560654  0.0245307105 -0.0000136657 -0.0137366834 -0.0321601488  0.8824249290 -0.0008212906 -0.0454959840 -0.0000118219  0.0002612897  0.0000128091 -0.2392949144
 -0.3034529686  0.0261327923  0.0002772739  0.0477332644 -0.0029503628  0.0020901919 -0.0122784093  0.0364214849 -0.0339243829 -0.0014803853  0.0009117914 -0.0041311091  0.0021856423 -0.0008212906  0.7766113198 -0.0233318406  0.1692338923  0.0030168512 -0.2158237873  0.0008683709
 -0.0110668354  0.2059576451  0.0009189483  0.0438233266 -0.0039416158  0.0128772688  0.3166031969 -0.0000721485 -0.1695915271 -0.0010325642 -0.0002048930 -0.0004970824  0.0034424595 -0.0454959840 -0.0233318406  0.7704635903 -0.0001927898  0.0056336888  0.0001071686  0.0234009248
 -0.0720039247 -0.0041822727  0.0107560617 -0.0000686317  0.0028365075  0.0008683776 -0.0000576630 -0.3539845627 -0.0235938458  0.0062807307  0.0011277968  0.0023138351 -0.0001232850 -0.0000118219  0.1692338923 -0.0001927898  0.5448602060  0.0061596559  0.2967744710 -0.0000165190
 -0.0050533307  0.0049347845 -0.3553752533 -0.0120155231  0.2928138781 -0.0239779801  0.0020955556 -0.0001138055  0.0082430529 -0.1715894935  0.0119253016 -0.0766420074  0.0001176383  0.0002612897  0.0030168512  0.0056336888  0.0061596559  0.5382402923  0.0102546477  0.0046259996
  0.0812051004  0.0043462052  0.0043506885  0.0000750549  0.0039756107 -0.0007431152  0.0000133088 -0.2559950194  0.0297680574 -0.0054255149 -0.0007060084 -0.0012100422  0.0001327177  0.0000128091 -0.2158237873  0.0001071686  0.2967744710  0.0102546477  0.2947187900 -0.0000898174
  0.0001858086 -0.0074314193  0.0006396557  0.0075979242 -0.0045302600 -0.2887892322 -0.0251161594  0.0000406807  0.0011010087  0.0218139305 -0.0001464890  0.0096556677  0.2481777203 -0.2392949144  0.0008683709  0.0234009248 -0.0000165190  0.0046259996 -0.0000898174  0.2858932061

 Matrices of measurement operators of Bob (in Schmidt basis)
   dimensionalities of subspaces:  9  7  8 11 10
 1
  0.2980138795 -0.0209875632 -0.0059845545  0.0004027080 -0.0038591734  0.0006792592  0.0002390053 -0.0226953691  0.0412217576  0.0057625877  0.0041268750  0.0034135682 -0.0015331369 -0.0002691823 -0.4540503750 -0.0001056589  0.0094501081  0.0063747776  0.0117692448 -0.0009496413
 -0.0209875632  0.7593265050 -0.0007929881 -0.0081851833  0.0012209408  0.0042504105 -0.0029394946 -0.0011629723  0.4236372623 -0.0044499329  0.0004057869 -0.0027719028  0.0366582991  0.0015869073  0.0355797617  0.0040942141  0.0006432711 -0.0074873914  0.0006286029  0.0054798706
 -0.0059845545 -0.0007929881  0.0025711789 -0.0000319519 -0.0141438410 -0.0047459203  0.0005345485  0.0001985779 -0.0021373134 -0.0345751029  0.0020386200 -0.0240003909 -0.0000975459 -0.0001011289  0.0090766605  0.0007035135  0.0097941084 -0.0083858423  0.0165578895  0.0013169521
  0.0004027080 -0.0081851833 -0.0000319519  0.0022314287 -0.0194044558  0.0036921163  0.0242735171  0.0000224895 -0.0046059334  0.0083401818 -0.0009790040  0.0056207150 -0.0007257173 -0.0013263563 -0.0004788793  0.0303241515  0.0003089298 -0.0109774257  0.0001366446 -0.0037294443
 -0.0038591734  0.0012209408 -0.0141438410 -0.0194044558  0.7502146625 -0.0016896983 -0.0000390127 -0.0009177906  0.0050648025 -0.0113052369 -0.0099028089  0.0117120866 -0.0000597290 -0.0000116588  0.0060227510 -0.0000745338 -0.0067326914  0.4316513322  0.0015662486 -0.0005672922
  0.0006792592  0.0042504105 -0.0047459203  0.0036921163 -0.0016896983  0.2640249128  0.0251979149  0.0001217987  0.0074184059  0.0585603629 -0.0000261334  0.0380973205 -0.0125394284  0.0203811988  0.0018802164 -0.0055842837  0.0001996243 -0.0001201245  0.0000211932 -0.4336820384
  0.0002390053 -0.0029394946  0.0005345485  0.0242735171 -0.0000390127  0.0251979149  0.4197749210 -0.0000137929 -0.0020959688 -0.0065188367  0.0000121373  0.0033343202 -0.0151338155  0.1608952271 -0.0003105272  0.4646211017 -0.0000423967  0.0010608536  0.0000012833 -0.0168079897
 -0.0226953691 -0.0011629723  0.0001985779  0.0000224895 -0.0009177906  0.0001217987 -0.0000137929  0.0022074425 -0.0046457941  0.0008859113  0.0170075991  0.0006306257 -0.0000129722 -0.0000040029  0.0343130454 -0.0000097546 -0.0074477355 -0.0008193106 -0.0118190619 -0.0000124030
  0.0412217576  0.4236372623 -0.0021373134 -0.0046059334  0.0050648025  0.0074184059 -0.0020959688 -0.0046457941  0.2460023251  0.0063326688 -0.0003227077  0.0044814602  0.0200545538  0.0037525903 -0.0607584995  0.0002270179 -0.0003715868 -0.0001608190 -0.0016072178 -0.0037446490
  0.0057625877 -0.0044499329 -0.0345751029  0.0083401818 -0.0113052369  0.0585603629 -0.0065188367  0.0008859113  0.0063326688  0.6754093877 -0.0001507471  0.4617023643  0.0029255071 -0.0032561323  0.0044442722 -0.0031510495  0.0014518969 -0.0019187633  0.0001476267  0.0323926648
  0.0041268750  0.0004057869  0.0020386200 -0.0009790040 -0.0099028089 -0.0000261334  0.0000121373  0.0170075991 -0.0003227077 -0.0001507471  0.9991039687  0.0001624841 -0.0000143279 -0.0000012229  0.0020329783 -0.0000041934 -0.0118797494  0.0170413930  0.0070547392 -0.0000042154
  0.0034135682 -0.0027719028 -0.0240003909  0.0056207150  0.0117120866  0.0380973205  0.0033343202  0.0006306257  0.0044814602  0.4617023643  0.0001624841  0.3162888153  0.0017778327  0.0019549201  0.0038207159  0.0063419236  0.0004799230  0.0098855503 -0.0004090086  0.0259625547
 -0.0015331369  0.0366582991 -0.0000975459 -0.0007257173 -0.0000597290 -0.0125394284 -0.0151338155 -0.0000129722  0.0200545538  0.0029255071 -0.0000143279  0.0017778327  0.0054029876 -0.0534628351  0.0024884813  0.0015489707  0.0000010254 -0.0004556468 -0.0000208834  0.0189690577
 -0.0002691823  0.0015869073 -0.0001011289 -0.0013263563 -0.0000116588  0.0203811988  0.1608952271 -0.0000040029  0.0037525903 -0.0032561323 -0.0000012229  0.0019549201 -0.0534628351  0.9508966688  0.0003708292 -0.1303574154  0.0000059841 -0.0001444297  0.0000045160  0.0224760179
 -0.4540503750  0.0355797617  0.0090766605 -0.0004788793  0.0060227510  0.0018802164 -0.0003105272  0.0343130454 -0.0607584995  0.0044442722  0.0020329783  0.0038207159  0.0024884813  0.0003708292  0.6932263456  0.0001526329  0.0022644871 -0.0092220947  0.0104259957 -0.0008391360
 -0.0001056589  0.0040942141  0.0007035135  0.0303241515 -0.0000745338 -0.0055842837  0.4646211017 -0.0000097546  0.0002270179 -0.0031510495 -0.0000041934  0.0063419236  0.0015489707 -0.1303574154  0.0001526329  0.6248903144 -0.0000528604  0.0012247823  0.0000004422  0.0226814144
  0.0094501081  0.0006432711  0.0097941084  0.0003089298 -0.0067326914  0.0001996243 -0.0000423967 -0.0074477355 -0.0003715868  0.0014518969 -0.0118797494  0.0004799230  0.0000010254  0.0000059841  0.0022644871 -0.0000528604  0.2592473139 -0.0013130776  0.4377226362 -0.0000161319
  0.0063747776 -0.0074873914 -0.0083858423 -0.0109774257  0.4316513322 -0.0001201245  0.0010608536 -0.0008193106 -0.0001608190 -0.0019187633  0.0170413930  0.0098855503 -0.0004556468 -0.0001444297 -0.0092220947  0.0012247823 -0.0013130776  0.2492537565  0.0057256022 -0.0009947989
  0.0117692448  0.0006286029  0.0165578895  0.0001366446  0.0015662486  0.0000211932  0.0000012833 -0.0118190619 -0.0016072178  0.0001476267  0.0070547392 -0.0004090086 -0.0000208834  0.0000045160  0.0104259957  0.0000004422  0.4377226362  0.0057256022  0.7401033735  0.0000374111
 -0.0009496413  0.0054798706  0.0013169521 -0.0037294443 -0.0005672922 -0.4336820384 -0.0168079897 -0.0000124030 -0.0037446490  0.0323926648 -0.0000042154  0.0259625547  0.0189690577  0.0224760179 -0.0008391360  0.0226814144 -0.0000161319 -0.0009947989  0.0000374111  0.7418098121
 2
  0.9678151407  0.0006701663 -0.0174700857  0.0090225916  0.0013893547  0.0006233974  0.0012379523  0.0043125821 -0.0261592994  0.0031862130 -0.0041484492 -0.0005262370 -0.0016722495  0.0007979200  0.1673436411  0.0067387289  0.0301520388 -0.0060273810 -0.0320826387 -0.0001686760
  0.0006701663  0.9514496485 -0.0037293485 -0.1634568674 -0.0024342948 -0.0054455825 -0.0209878930  0.0002431035 -0.0262401594 -0.0076902512 -0.0006392086  0.0020097436  0.0225381613 -0.0190062457  0.0054916289 -0.1310831403  0.0019572791 -0.0108324247 -0.0017312057  0.0051110194
 -0.0174700857 -0.0037293485  0.0171305142 -0.0004493558  0.1255988134 -0.0034983394 -0.0003828372  0.0004891633  0.0000373620 -0.0254337678  0.0033360548  0.0030954522 -0.0000410696  0.0000833687 -0.0004314101  0.0008103248 -0.0017995930 -0.0027361905  0.0071256837 -0.0003443707
  0.0090225916 -0.1634568674 -0.0004493558  0.0286405274 -0.0075407402  0.0004628914 -0.0063950953 -0.0000272570  0.0039335672 -0.0001631881 -0.0001402249  0.0156413107 -0.0031215448  0.0022777377  0.0005827444  0.0241526157 -0.0000035119  0.0024993325 -0.0002974131 -0.0075756485
  0.0013893547 -0.0024342948  0.1255988134 -0.0075407402  0.9456629960 -0.0248698172 -0.0009488315 -0.0024850929 -0.0022349544 -0.1797920129  0.0238393108 -0.0361796974 -0.0000975975  0.0003109473  0.0095967241  0.0029435546 -0.0074579459 -0.0233782779 -0.0023208230  0.0018067521
  0.0006233974 -0.0054455825 -0.0034983394  0.0004628914 -0.0248698172  0.0019190865  0.0178590231  0.0001526533  0.0006928992  0.0092952829 -0.0006100871 -0.0222468641 -0.0022730885  0.0033528750 -0.0001967377 -0.0021295803  0.0002249098 -0.0000854088  0.0006279232  0.0182159237
  0.0012379523 -0.0209878930 -0.0003828372 -0.0063950953 -0.0009488315  0.0178590231  0.9757245158  0.0000241904  0.0336836552 -0.0093482962 -0.0000168466 -0.0002930953 -0.0080417924 -0.0251253506  0.0046062527 -0.1446511033  0.0000665160 -0.0013381468  0.0000314359  0.0042775143
  0.0043125821  0.0002431035  0.0004891633 -0.0000272570 -0.0024850929  0.0001526533  0.0000241904  0.0164693662 -0.0034531415  0.0011181478  0.0016367903 -0.0003413053 -0.0000215501 -0.0000052447  0.0245997068 -0.0000260599 -0.0042121815 -0.0002730749  0.1246358435  0.0000433437
 -0.0261592994 -0.0262401594  0.0000373620  0.0039335672 -0.0022349544  0.0006928992  0.0336836552 -0.0034531415  0.0034319364  0.0012104968 -0.0002743872 -0.0060339649  0.0006250202 -0.0031113461 -0.0093942006 -0.0015688354  0.0000466775  0.0003680516 -0.0244127682 -0.0120410713
  0.0031862130 -0.0076902512 -0.0254337678 -0.0001631881 -0.1797920129  0.0092952829 -0.0093482962  0.0011181478  0.0012104968  0.0714156746 -0.0044178324 -0.1816429558  0.0000953138 -0.0004781223 -0.0018564050  0.0013948169  0.0016559519 -0.0011007423  0.0046048482  0.0072894447
 -0.0041484492 -0.0006392086  0.0033360548 -0.0001402249  0.0238393108 -0.0006100871 -0.0000168466  0.0016367903 -0.0002743872 -0.0044178324  0.0007990346 -0.0012539924 -0.0000110201  0.0000150738  0.0020080618  0.0001219329 -0.0007753488 -0.0005976153  0.0131182967  0.0000639681
 -0.0005262370  0.0020097436  0.0030954522  0.0156413107 -0.0361796974 -0.0222468641 -0.0002930953 -0.0003413053 -0.0060339649 -0.1816429558 -0.0012539924  0.9623816849 -0.0054444244  0.0126331419  0.0062309088  0.0029190291 -0.0012142755  0.0294625033 -0.0004731577 -0.0014381151
 -0.0016722495  0.0225381613 -0.0000410696 -0.0031215448 -0.0000975975 -0.0022730885 -0.0080417924 -0.0000215501  0.0006250202  0.0000953138 -0.0000110201 -0.0054444244  0.0136502626 -0.0247981278  0.0000797901 -0.0016436268 -0.0000049998 -0.0001565179 -0.0001294154 -0.1105705060
  0.0007979200 -0.0190062457  0.0000833687  0.0022777377  0.0003109473  0.0033528750 -0.0251253506 -0.0000052447 -0.0031113461 -0.0004781223  0.0000150738  0.0126331419 -0.0247981278  0.0471990262 -0.0006455660  0.0058731731 -0.0000135385  0.0001737561 -0.0000182662  0.2077069882
  0.1673436411  0.0054916289 -0.0004314101  0.0005827444  0.0095967241 -0.0001967377  0.0046062527  0.0245997068 -0.0093942006 -0.0018564050  0.0020080618  0.0062309088  0.0000797901 -0.0006455660  0.0638156562 -0.0002183622 -0.0012029175 -0.0015620577  0.1756219817 -0.0028547023
  0.0067387289 -0.1310831403  0.0008103248  0.0241526157  0.0029435546 -0.0021295803 -0.1446511033 -0.0000260599 -0.0015688354  0.0013948169  0.0001219329  0.0029190291 -0.0016436268  0.0058731731 -0.0002183622  0.0404583642 -0.0000892812  0.0017303142 -0.0000874383 -0.0043522414
  0.0301520388  0.0019572791 -0.0017995930 -0.0000035119 -0.0074579459  0.0002249098  0.0000665160 -0.0042121815  0.0000466775  0.0016559519 -0.0007753488 -0.0012142755 -0.0000049998 -0.0000135385 -0.0012029175 -0.0000892812  0.0021650865  0.0000086216 -0.0341245064  0.0000911441
 -0.0060273810 -0.0108324247 -0.0027361905  0.0024993325 -0.0233782779 -0.0000854088 -0.0013381468 -0.0002730749  0.0003680516 -0.0011007423 -0.0005976153  0.0294625033 -0.0001565179  0.0001737561 -0.0015620577  0.0017303142  0.0000086216  0.0016022306 -0.0019578859 -0.0021857405
 -0.0320826387 -0.0017312057  0.0071256837 -0.0002974131 -0.0023208230  0.0006279232  0.0000314359  0.1246358435 -0.0244127682  0.0046048482  0.0131182967 -0.0004731577 -0.0001294154 -0.0000182662  0.1756219817 -0.0000874383 -0.0341245064 -0.0019578859  0.9478571397  0.0001701024
