 M_A= 4   M_B= 5
 Bell coefficients, M_A lines, M_B columns:
       |  0 -1  0 -1 -1
   --------------------
     0 | -1 -1 -1  1  0
    -1 | -1 -1  1  0  1
    -1 |  1  1  0  1  1
     0 | -1  1  0  0  0

 Classical limit=  0.

-----------------------------------------------

 Limit with real qubits without degenerate measurements:  0.09908966

 Vector (Schmidt coefficients)  0.85648551  0.51617107

 Matrices of measurement operators of Alice (in Schmidt basis)
   dimensionalities of subspaces: 1 1 1 1
 1
 0.0954395 0.2938211
 0.2938211 0.9045605
 2
 0.0954396-0.2938212
-0.2938212 0.9045604
 3
 1.0000000 0.0000000
 0.0000000 0.0000000
 4
 0.5000000-0.5000000
-0.5000000 0.5000000

 Matrices of measurement operators of Bob (in Schmidt basis)
   dimensionalities of subspaces: 1 1 1 1 1
 1
 0.9426880 0.2324378
 0.2324378 0.0573120
 2
 0.9426881-0.2324377
-0.2324377 0.0573119
 3
 0.5000000-0.5000000
-0.5000000 0.5000000
 4
 0.6724174 0.4693317
 0.4693317 0.3275826
 5
 0.6724173-0.4693317
-0.4693317 0.3275827

-----------------------------------------------

 Limit with real qubits allowing degenerate measurements:  0.29903811

 Vector (Schmidt coefficients)  0.70710678  0.70710678

 Matrices of measurement operators of Alice (in Schmidt basis)
   dimensionalities of subspaces: 1 1 1 1
 1
 0.9976294 0.0486312
 0.0486312 0.0023706
 2
 0.2933010-0.4552752
-0.4552752 0.7066990
 3
 0.7909301-0.4066444
-0.4066444 0.2090699
 4
 0.2158867-0.4114361
-0.4114361 0.7841133

 Matrices of measurement operators of Bob (in Schmidt basis)
   dimensionalities of subspaces: 0 0 1 1 1
 1
 0.0000000 0.0000000
 0.0000000 0.0000000
 2
 0.0000000 0.0000000
 0.0000000 0.0000000
 3
 0.0933558-0.2909304
-0.2909304 0.9066442
 4
 0.9552751-0.2066992
-0.2066992 0.0447249
 5
 0.5486310-0.4976294
-0.4976294 0.4513690


-----------------------------------------------

 Limit with complex qubits without degenerate measurements:  0.12500000
 Note: better with real qubits with degenerate measurement

 Vector (Schmidt coefficients)  0.83119627  0.55597911

 Matrices of measurement operators of Alice (in Schmidt basis)
   dimensionalities of subspaces: 1 1 1 1
 1
( 0.0771374, 0.0000000)  ( 0.2203579,-0.1504315)
( 0.2203579, 0.1504315)  ( 0.9228626, 0.0000000)
 2
( 0.0771373, 0.0000000)  ( 0.0200988, 0.2660510)
( 0.0200988,-0.2660510)  ( 0.9228627, 0.0000000)
 3
( 0.9228624, 0.0000000)  ( 0.2404567, 0.1156199)
( 0.2404567,-0.1156199)  ( 0.0771376, 0.0000000)
 4
( 0.4999997, 0.0000000)  (-0.1918930, 0.4617110)
(-0.1918930,-0.4617110)  ( 0.5000003, 0.0000000)

 Matrices of measurement operators of Bob (in Schmidt basis)
   dimensionalities of subspaces: 1 1 1 1 1
 1
( 0.9434069, 0.0000000)  ( 0.0886790, 0.2133690)
( 0.0886790,-0.2133690)  ( 0.0565931, 0.0000000)
 2
( 0.9434066, 0.0000000)  (-0.0886792,-0.2133696)
(-0.0886792, 0.2133696)  ( 0.0565934, 0.0000000)
 3
( 0.5000003, 0.0000000)  (-0.2166712,-0.4506147)
(-0.2166712, 0.4506147)  ( 0.4999997, 0.0000000)
 4
( 0.4999998, 0.0000000)  ( 0.4985793, 0.0376648)
( 0.4985793,-0.0376648)  ( 0.5000002, 0.0000000)
 5
( 0.4999995, 0.0000000)  ( 0.2819087,-0.4129497)
( 0.2819087, 0.4129497)  ( 0.5000005, 0.0000000)

-----------------------------------------------

 Maximum value found with 5-dimensional real spaces:  0.32583623

 Vector (Schmidt coefficients)  0.60228007  0.35680426  0.11878247  0.36388873  0.60284753

 Matrices of measurement operators of Alice (in Schmidt basis)
   dimensionalities of subspaces: 2 2 4 2
 1
 0.066988 0.000001 0.000001-0.000006 0.250000
 0.000001 0.000000-0.000001 0.000000 0.000003
 0.000001-0.000001 0.987664 0.110380 0.000003
-0.000006 0.000000 0.110380 0.012336-0.000024
 0.250000 0.000003 0.000003-0.000024 0.933012
 2
 0.933013-0.000001 0.000000-0.000005 0.249999
-0.000001 0.000000-0.000011 0.000001 0.000000
 0.000000-0.000011 0.987661-0.110393-0.000001
-0.000005 0.000001-0.110393 0.012339-0.000001
 0.249999 0.000000-0.000001-0.000001 0.066987
 3
 0.497186 0.000003 0.000000-0.000013 0.499992
 0.000003 1.000000 0.000000 0.000000-0.000003
 0.000000 0.000000 1.000000 0.000000 0.000000
-0.000013 0.000000 0.000000 1.000000 0.000013
 0.499992-0.000003 0.000000 0.000013 0.502814
 4
 0.499999-0.500000-0.000002-0.000002-0.000002
-0.500000 0.500001 0.000002-0.000002-0.000002
-0.000002 0.000002 0.000000 0.000002 0.000002
-0.000002-0.000002 0.000002 0.499974 0.500000
-0.000002-0.000002 0.000002 0.500000 0.500026

 Matrices of measurement operators of Bob (in Schmidt basis)
   dimensionalities of subspaces: 2 2 3 2 3
 1
 0.053285 0.224601 0.000002 0.000000-0.000001
 0.224601 0.946715 0.000007-0.000001-0.000003
 0.000002 0.000007 0.000000 0.000003-0.000001
 0.000000-0.000001 0.000003 0.944389-0.229168
-0.000001-0.000003-0.000001-0.229168 0.055611
 2
 0.053283-0.224598-0.000002-0.000005 0.000000
-0.224598 0.946717 0.000009 0.000000-0.000005
-0.000002 0.000009 0.000000 0.000006 0.000001
-0.000005 0.000000 0.000006 0.944368 0.229209
 0.000000-0.000005 0.000001 0.229209 0.055632
 3
 1.000000 0.000000-0.000001-0.000001 0.000000
 0.000000 1.000000 0.000000 0.000000 0.000000
-0.000001 0.000000 0.499975-0.500000 0.000000
-0.000001 0.000000-0.500000 0.500025 0.000000
 0.000000 0.000000 0.000000 0.000000 0.000000
 4
 0.248785 0.000000 0.000004-0.000011 0.432309
 0.000000 0.000000 0.000000 0.000000 0.000000
 0.000004 0.000000 0.895092 0.306435 0.000007
-0.000011 0.000000 0.306435 0.104908-0.000020
 0.432309 0.000000 0.000007-0.000020 0.751215
 5
 0.748782-0.000001 0.000000-0.000009 0.433714
-0.000001 0.000000-0.000045-0.000008 0.000000
 0.000000-0.000045 1.000000 0.000000 0.000000
-0.000009-0.000008 0.000000 1.000000 0.000016
 0.433714 0.000000 0.000000 0.000016 0.251218

-----------------------------------------------

 Maximum value found with 10-dimensional real spaces: 0.32606006

 Vector (Schmidt coefficients)
 0.004431320713 0.024672895431 0.004432337609 0.359274708048 0.597072987360 0.117460777157
 0.597072986742 0.024675989963 0.359274787441 0.117460780240

 Matrices of measurement operators of Alice (in Schmidt basis)
   dimensionalities of subspaces: 5 3 7 5
 1
  0.9964838421  0.0591927993 -0.0000000009  0.0000000000  0.0000000000  0.0000000000  0.0000000000  0.0000839139  0.0000000000  0.0000000000
  0.0591927993  0.0035161579  0.0000839384  0.0000000000  0.0000000000  0.0000000000  0.0000000000 -0.0000000020  0.0000000000  0.0000000000
 -0.0000000009  0.0000839384  0.9964830981  0.0000000000  0.0000000000  0.0000000002  0.0000000000 -0.0591990395  0.0000000000 -0.0000000002
  0.0000000000  0.0000000000  0.0000000000  0.0123755405  0.0000000000  0.1104922861  0.0000000000  0.0000000003  0.0000000114 -0.0037203829
  0.0000000000  0.0000000000  0.0000000000  0.0000000000  0.4392986016  0.0000000000 -0.4963016625  0.0000000000  0.0000000000  0.0000000000
  0.0000000000  0.0000000000  0.0000000002  0.1104922861  0.0000000000  0.9876244584  0.0000000000  0.0000000029  0.0037205186 -0.0000000194
  0.0000000000  0.0000000000  0.0000000000  0.0000000000 -0.4963016625  0.0000000000  0.5607013984  0.0000000000  0.0000000000  0.0000000000
  0.0000839139 -0.0000000020 -0.0591990395  0.0000000003  0.0000000000  0.0000000029  0.0000000000  0.0035169019 -0.0000000004 -0.0000000034
  0.0000000000  0.0000000000  0.0000000000  0.0000000114  0.0000000000  0.0037205186  0.0000000000 -0.0000000004  0.0123757804  0.1104933400
  0.0000000000  0.0000000000 -0.0000000002 -0.0037203829  0.0000000000 -0.0000000194  0.0000000000 -0.0000000034  0.1104933400  0.9876242206
 2
  0.0000000005 -0.0000000019  0.0000217833  0.0000000000  0.0000000000  0.0000000000  0.0000000000  0.0000012941  0.0000000000  0.0000000000
 -0.0000000019  0.0000000073 -0.0000852333  0.0000000000  0.0000000000  0.0000000000  0.0000000000 -0.0000050635  0.0000000000  0.0000000000
  0.0000217833 -0.0000852333  0.9964830976  0.0000000000  0.0000000000  0.0000000000  0.0000000000  0.0591990377  0.0000000000  0.0000000000
  0.0000000000  0.0000000000  0.0000000000  0.0067627378  0.0000000000 -0.0622315134  0.0000000000  0.0000000000  0.0061610653 -0.0529743631
  0.0000000000  0.0000000000  0.0000000000  0.0000000000  0.1005408566  0.0000000000  0.3007197911  0.0000000000  0.0000000000  0.0000000000
  0.0000000000  0.0000000000  0.0000000000 -0.0622315134  0.0000000000  0.5726617538  0.0000000000  0.0000000000 -0.0566948522  0.4874763605
  0.0000000000  0.0000000000  0.0000000000  0.0000000000  0.3007197911  0.0000000000  0.8994591434  0.0000000000  0.0000000000  0.0000000000
  0.0000012941 -0.0000050635  0.0591990377  0.0000000000  0.0000000000  0.0000000000  0.0000000000  0.0035168946  0.0000000000  0.0000000000
  0.0000000000  0.0000000000  0.0000000000  0.0061610653  0.0000000000 -0.0566948522  0.0000000000  0.0000000000  0.0056129229 -0.0482612991
  0.0000000000  0.0000000000  0.0000000000 -0.0529743631  0.0000000000  0.4874763605  0.0000000000  0.0000000000 -0.0482612991  0.4149625855
 3
  0.0035161584  0.0591927978  0.0000217978  0.0000000000  0.0000000000  0.0000000000  0.0000000000  0.0000852079  0.0000000000  0.0000000000
  0.0591927978  0.9964838493 -0.0000012948  0.0000000000  0.0000000000  0.0000000000  0.0000000000 -0.0000050615  0.0000000000  0.0000000000
  0.0000217978 -0.0000012948  0.9999999995  0.0000000000  0.0000000000 -0.0000000003  0.0000000000 -0.0000000019  0.0000000000  0.0000000004
  0.0000000000  0.0000000000  0.0000000000  0.9943871404  0.0000000000  0.0482607721  0.0000000000  0.0000000006  0.0061610592 -0.0566947492
  0.0000000000  0.0000000000  0.0000000000  0.0000000000  0.0398394660  0.0000000000 -0.1955819086  0.0000000000  0.0000000000  0.0000000000
  0.0000000000  0.0000000000 -0.0000000003  0.0482607721  0.0000000000  0.5850417954  0.0000000000 -0.0000000051 -0.0529743302  0.4874756520
  0.0000000000  0.0000000000  0.0000000000  0.0000000000 -0.1955819086  0.0000000000  0.9601605340  0.0000000000  0.0000000000  0.0000000000
  0.0000852079 -0.0000050615 -0.0000000019  0.0000000006  0.0000000000 -0.0000000051  0.0000000000  0.9999999927 -0.0000000007  0.0000000060
  0.0000000000  0.0000000000  0.0000000000  0.0061610592  0.0000000000 -0.0529743302  0.0000000000 -0.0000000007  0.9932371993  0.0622320413
  0.0000000000  0.0000000000  0.0000000004 -0.0566947492  0.0000000000  0.4874756520  0.0000000000  0.0000000060  0.0622320413  0.4273338649
 4
  0.8083630376  0.0000000000  0.3935889189  0.0000000000  0.0000000000  0.0000000000  0.0000000000  0.0000000000  0.0000000000  0.0000000000
  0.0000000000  0.5000000000  0.0000000000  0.0000000003  0.0000000000 -0.0401142397  0.0000000000  0.0000000004  0.0000000001 -0.4983882500
  0.3935889189  0.0000000000  0.1916369624  0.0000000000  0.0000000000  0.0000000000  0.0000000000  0.0000000000  0.0000000000  0.0000000000
  0.0000000000  0.0000000003  0.0000000000  0.5000000000  0.3228503020  0.0000000000  0.3817953411  0.0000000001  0.0000000000  0.0000000000
  0.0000000000  0.0000000000  0.0000000000  0.3228503020  0.5000000000 -0.0000000003  0.0000000000  0.0000000000  0.3817953411  0.0000000003
  0.0000000000 -0.0401142397  0.0000000000  0.0000000000 -0.0000000003  0.4999999991  0.0000000001  0.4983882500  0.0000000000  0.0000000004
  0.0000000000  0.0000000000  0.0000000000  0.3817953411  0.0000000000  0.0000000001  0.5000000000  0.0000000000 -0.3228503020  0.0000000002
  0.0000000000  0.0000000004  0.0000000000  0.0000000001  0.0000000000  0.4983882500  0.0000000000  0.5000000009  0.0000000003 -0.0401142397
  0.0000000000  0.0000000001  0.0000000000  0.0000000000  0.3817953411  0.0000000000 -0.3228503020  0.0000000003  0.5000000000  0.0000000000
  0.0000000000 -0.4983882500  0.0000000000  0.0000000000  0.0000000003  0.0000000004  0.0000000002 -0.0401142397  0.0000000000  0.4999999999

 Matrices of measurement operators of Bob (in Schmidt basis)
   dimensionalities of subspaces: 4 4 4 7 6
 1
  0.0000000000  0.0000000001  0.0000000000  0.0000000000  0.0000000000  0.0000000000  0.0000000000  0.0000000000  0.0000000000  0.0000000000
  0.0000000001  0.9951494473  0.0000000001  0.0000000001  0.0000000000  0.0055740177  0.0000000000 -0.0000000001  0.0000000000  0.0692528353
  0.0000000000  0.0000000001  0.0000000000  0.0000000000  0.0000000000  0.0000000000  0.0000000000  0.0000000000  0.0000000000  0.0000000000
  0.0000000000  0.0000000001  0.0000000000  0.9448066563 -0.1474504220 -0.0000000002 -0.1743714757  0.0000000000 -0.0000000006 -0.0000000011
  0.0000000000  0.0000000000  0.0000000000 -0.1474504220  0.0551933626 -0.0000000002 -0.0000000154  0.0000000000 -0.1743715240  0.0000000001
  0.0000000000  0.0055740177  0.0000000000 -0.0000000002 -0.0000000002  0.0048518044  0.0000000002 -0.0692617842  0.0000000012 -0.0000001008
  0.0000000000  0.0000000000  0.0000000000 -0.1743714757 -0.0000000154  0.0000000002  0.0551933562  0.0000000000  0.1474504599  0.0000000002
  0.0000000000 -0.0000000001  0.0000000000  0.0000000000  0.0000000000 -0.0692617842  0.0000000000  0.9951481875  0.0000000001  0.0055747388
  0.0000000000  0.0000000000  0.0000000000 -0.0000000006 -0.1743715240  0.0000000012  0.1474504599  0.0000000001  0.9448066248  0.0000000002
  0.0000000000  0.0692528353  0.0000000000 -0.0000000011  0.0000000001 -0.0000001008  0.0000000002  0.0055747388  0.0000000002  0.0048505608
 2
  0.0000000000  0.0000000001  0.0000000000  0.0000000000  0.0000000000  0.0000000000  0.0000000000  0.0000000000  0.0000000000  0.0000000000
  0.0000000001  0.9951494473  0.0000000000 -0.0000000001  0.0000000000 -0.0055740177  0.0000000000  0.0000000001  0.0000000000 -0.0692528353
  0.0000000000  0.0000000000  0.0000000000  0.0000000000  0.0000000000  0.0000000000  0.0000000000 -0.0000000001  0.0000000000  0.0000000000
  0.0000000000 -0.0000000001  0.0000000000  0.9448066563  0.1474504220 -0.0000000002  0.1743714757  0.0000000000 -0.0000000006 -0.0000000011
  0.0000000000  0.0000000000  0.0000000000  0.1474504220  0.0551933626  0.0000000002 -0.0000000154  0.0000000000  0.1743715240 -0.0000000001
  0.0000000000 -0.0055740177  0.0000000000 -0.0000000002  0.0000000002  0.0048518041 -0.0000000002  0.0692617819  0.0000000012 -0.0000001006
  0.0000000000  0.0000000000  0.0000000000  0.1743714757 -0.0000000154 -0.0000000002  0.0551933562  0.0000000000 -0.1474504599 -0.0000000002
  0.0000000000  0.0000000001 -0.0000000001  0.0000000000  0.0000000000  0.0692617819  0.0000000000  0.9951481878 -0.0000000001 -0.0055747362
  0.0000000000  0.0000000000  0.0000000000 -0.0000000006  0.1743715240  0.0000000012 -0.1474504599 -0.0000000001  0.9448066248  0.0000000002
  0.0000000000 -0.0692528353  0.0000000000 -0.0000000011 -0.0000000001 -0.0000001006 -0.0000000002 -0.0055747362  0.0000000002  0.0048505608
 3
  0.0986028316 -0.2981276979  0.0000087653 -0.0000752113  0.0000000000  0.0000247857  0.0000000000 -0.0004182579  0.0000825558 -0.0000291171
 -0.2981276979  0.9013961954 -0.0007132752  0.0002274029  0.0000000000 -0.0000749401  0.0000000000  0.0005778388 -0.0002496092  0.0000880361
  0.0000087653 -0.0007132752  0.4999999997  0.0000000018  0.0000000000 -0.0000000009  0.0000000000  0.4999994912 -0.0000000020  0.0000000011
 -0.0000752113  0.0002274029  0.0000000018  0.2732268263  0.0000000000 -0.2814487626  0.0000000000  0.0000003275  0.2489186330 -0.2395829262
  0.0000000000  0.0000000000  0.0000000000  0.0000000000  0.3044181257  0.0000000000  0.4601605486  0.0000000000  0.0000000000  0.0000000000
  0.0000247857 -0.0000749401 -0.0000000009 -0.2814487626  0.0000000000  0.2899181413  0.0000000000 -0.0000001082 -0.2564091683  0.2467925016
  0.0000000000  0.0000000000  0.0000000000  0.0000000000  0.4601605486  0.0000000000  0.6955818743  0.0000000000  0.0000000000  0.0000000000
 -0.0004182579  0.0005778388  0.4999994912  0.0000003275  0.0000000000 -0.0000001082  0.0000000000  0.5000008320 -0.0000003595  0.0000001272
  0.0000825558 -0.0002496092 -0.0000000020  0.2489186330  0.0000000000 -0.2564091683  0.0000000000 -0.0000003595  0.2267733002 -0.2182680781
 -0.0000291171  0.0000880361  0.0000000011 -0.2395829262  0.0000000000  0.2467925016  0.0000000000  0.0000001272 -0.2182680781  0.2100818734
 4
  0.5000000007  0.4999994817  0.0000109464  0.0000000002  0.0000000000 -0.0000000001  0.0000000000  0.0007198421  0.0000000001  0.0000000000
  0.4999994817  0.5000010358 -0.0000109464 -0.0000000002  0.0000000000  0.0000000001  0.0000000000 -0.0007198414 -0.0000000001  0.0000000000
  0.0000109464 -0.0000109464  0.9999999998  0.0000000000  0.0000000000  0.0000000000  0.0000000000 -0.0000000158  0.0000000000  0.0000000000
  0.0000000002 -0.0000000002  0.0000000000  0.7732304809  0.0000000000  0.2182644120  0.0000000000  0.0000000008  0.2489183496 -0.2564086699
  0.0000000000  0.0000000000  0.0000000000  0.0000000000  0.1992802289  0.0000000000 -0.3994591584  0.0000000000  0.0000000000  0.0000000000
 -0.0000000001  0.0000000001  0.0000000000  0.2182644120  0.0000000000  0.7899217066  0.0000000000 -0.0000000008 -0.2395825393  0.2467919313
  0.0000000000  0.0000000000  0.0000000000  0.0000000000 -0.3994591584  0.0000000000  0.8007197711  0.0000000000  0.0000000000  0.0000000000
  0.0007198421 -0.0007198414 -0.0000000158  0.0000000008  0.0000000000 -0.0000000008  0.0000000000  0.9999989637 -0.0000000009  0.0000000009
  0.0000000001 -0.0000000001  0.0000000000  0.2489183496  0.0000000000 -0.2395825393  0.0000000000 -0.0000000009  0.7267695191  0.2814523891
  0.0000000000  0.0000000000  0.0000000000 -0.2564086699  0.0000000000  0.2467919313  0.0000000000  0.0000000009  0.2814523891  0.7100782934
 5
  0.0986028468  0.2981277257  0.0000197106  0.0000002995  0.0000000000  0.0000000529  0.0000000000  0.0004291975 -0.0000043006 -0.0000014751
  0.2981277257  0.9013973578 -0.0000065119  0.0000007478  0.0000000000  0.0000001321  0.0000000000 -0.0001419744 -0.0000107423 -0.0000036846
  0.0000197106 -0.0000065119  0.9999996873 -0.0000367110  0.0000000000 -0.0000064860  0.0000000000  0.0000009346  0.0005273635  0.0001808852
  0.0000002995  0.0000007478 -0.0000367110  0.9480931735  0.0000000000  0.1330186644  0.0000000000  0.0001109983  0.1142454392 -0.1358915329
  0.0000000000  0.0000000000  0.0000000000  0.0000000000  0.0036983360  0.0000000000  0.0607013862  0.0000000000  0.0000000000  0.0000000000
  0.0000000529  0.0000001321 -0.0000064860  0.1330186644  0.0000000000  0.6237926178  0.0000000000  0.0000196097 -0.1358916608  0.4455500856
  0.0000000000  0.0000000000  0.0000000000  0.0000000000  0.0607013862  0.0000000000  0.9963016640  0.0000000000  0.0000000000  0.0000000000
  0.0004291975 -0.0001419744  0.0000009346  0.0001109983  0.0000000000  0.0000196097  0.0000000000  0.9999969413 -0.0015945156 -0.0005469162
 -0.0000043006 -0.0000107423  0.0005273635  0.1142454392  0.0000000000 -0.1358916608  0.0000000000 -0.0015945156  0.0519097372 -0.1330177875
 -0.0000014751 -0.0000036846  0.0001808852 -0.1358915329  0.0000000000  0.4455500856  0.0000000000 -0.0005469162 -0.1330177875  0.3762076381

-----------------------------------------------

 Best value,         real 10-dimensional component spaces:  0.32606006

-----------------------------------------------

 Upper limits (value, difference)

 Level 1 +ab            :    0.333163    0.007103
 Level 2                :    0.330690    0.004630
 Level 2 +aab           :    0.326708    0.000648
 Level 2 +aab+abb       :    0.326352    0.000292
 Level 2 +aab+abb+aaa   :    0.326220    0.000160
 Level 3                :    0.326178    0.000118
 Limit has not been reached
