 M_A= 5   M_B= 5
 Bell coefficients, M_A lines, M_B columns:
       |  0 -1 -1 -1  0
   --------------------
     0 | -1  0 -1  1 -1
    -1 | -1 -1  0  1  1
    -1 |  1  1  0  1  0
     0 | -1  0  1  0  0
    -1 |  0  1  1  0  0

 Classical limit=  0.

-----------------------------------------------

 Limit with real qubits without degenerate measurements:  0.39569601

 Vector (Schmidt coefficients)  0.73889803  0.67381726

 Matrices of measurement operators of Alice (in Schmidt basis)
   dimensionalities of subspaces: 1 1 1 1 1
 1
 0.9387959-0.2397043
-0.2397043 0.0612041
 2
 0.4217691-0.4938420
-0.4938420 0.5782309
 3
 0.8174564 0.3862919
 0.3862919 0.1825436
 4
 0.0640178-0.2447846
-0.2447846 0.9359822
 5
 0.2185568 0.4132671
 0.4132671 0.7814432

 Matrices of measurement operators of Bob (in Schmidt basis)
   dimensionalities of subspaces: 1 1 1 1 1
 1
 0.6081119 0.4881719
 0.4881719 0.3918881
 2
 0.5264682 0.4992989
 0.4992989 0.4735318
 3
 0.0263396 0.1601432
 0.1601432 0.9736604
 4
 0.9511817-0.2154880
-0.2154880 0.0488183
 5
 0.0509081-0.2198101
-0.2198101 0.9490919


-----------------------------------------------

 Maximum value found with 5-dimensional real spaces:  0.39906708

 Vector (Schmidt coefficients)  0.49023173  0.34946045  0.51949833  0.42140865  0.43598909

 Matrices of measurement operators of Alice (in Schmidt basis)
   dimensionalities of subspaces: 2 2 3 3 3
 1
 0.300422 0.044792 0.409922 0.177350 0.093131
 0.044792 0.028029 0.096410 0.012737-0.125620
 0.409922 0.096410 0.617665 0.219338-0.103513
 0.177350 0.012737 0.219338 0.113493 0.144527
 0.093131-0.125620-0.103513 0.144527 0.940390
 2
 0.120593-0.067077-0.279215 0.049926 0.145250
-0.067077 0.041539 0.130650-0.081383-0.107806
-0.279215 0.130650 0.790196 0.196907-0.178838
 0.049926-0.081383 0.196907 0.700194 0.402535
 0.145250-0.107806-0.178838 0.402535 0.347477
 3
 0.713261 0.018021 0.408553-0.193008-0.005209
 0.018021 0.678132 0.153771 0.354991 0.261305
 0.408553 0.153771 0.317482 0.083175-0.138592
-0.193008 0.354991 0.083175 0.503573-0.282487
-0.005209 0.261305-0.138592-0.282487 0.787552
 4
 0.552630 0.050973-0.443168 0.138781-0.170217
 0.050973 0.727221 0.165227-0.071006-0.404266
-0.443168 0.165227 0.511687 0.161197 0.013453
 0.138781-0.071006 0.161197 0.945537-0.034783
-0.170217-0.404266 0.013453-0.034783 0.262925
 5
 0.915376 0.029536-0.099772-0.143524-0.214561
 0.029536 0.989301 0.053084 0.048199 0.067609
-0.099772 0.053084 0.027710-0.080544 0.087650
-0.143524 0.048199-0.080544 0.747378-0.399242
-0.214561 0.067609 0.087650-0.399242 0.320234

 Matrices of measurement operators of Bob (in Schmidt basis)
   dimensionalities of subspaces: 2 3 3 3 2
 1
 0.528936-0.134673 0.271981-0.368239 0.146466
-0.134673 0.701826-0.081661 0.025810 0.428713
 0.271981-0.081661 0.140085-0.188087 0.066649
-0.368239 0.025810-0.188087 0.263280-0.149402
 0.146466 0.428713 0.066649-0.149402 0.365874
 2
 0.885959 0.049651 0.231620-0.141735-0.157587
 0.049651 0.937844 0.035795 0.174524 0.155200
 0.231620 0.035795 0.069024-0.092386 0.028205
-0.141735 0.174524-0.092386 0.509890-0.436829
-0.157587 0.155200 0.028205-0.436829 0.597282
 3
 0.748433 0.004721-0.384680-0.083350-0.182573
 0.004721 0.990894 0.050136-0.017100-0.078709
-0.384680 0.050136 0.207534-0.038631 0.111710
-0.083350-0.017100-0.038631 0.933755-0.230488
-0.182573-0.078709 0.111710-0.230488 0.119384
 4
 0.616358-0.104239 0.345531-0.253368 0.204958
-0.104239 0.127284 0.131602 0.287896 0.003653
 0.345531 0.131602 0.687109 0.212264-0.182273
-0.253368 0.287896 0.212264 0.681954 0.157344
 0.204958 0.003653-0.182273 0.157344 0.887296
 5
 0.377312-0.049043-0.475947-0.071912 0.029070
-0.049043 0.020129 0.076046-0.103689-0.028009
-0.475947 0.076046 0.614990-0.025835-0.061652
-0.071912-0.103689-0.025835 0.942645 0.193586
 0.029070-0.028009-0.061652 0.193586 0.044924

-----------------------------------------------

 Best value,          real 5-dimensional component spaces:  0.39906708

-----------------------------------------------

 Upper limits (value, difference)

 Level 1 +ab            :    0.429254    0.030187
 Level 2                :    0.412598    0.013531
 Level 2 +aab           :    0.401397    0.002329
 Level 2 +  85%(aab+abb):    0.399679    0.000612
 Level 2 +aab+abb       :    0.399339    0.000272
 Limit has not been reached
