 M_A= 5   M_B= 5
 Bell coefficients, M_A lines, M_B columns:
       |  0  0 -1 -1 -3
   --------------------
    -5 |  2  2  2 -2  3
     0 | -1 -1 -1  1  3
    -1 | -1  1  1  1  0
    -1 |  1  0  0  1  0
     0 |  0 -1  1  0  0

 Classical limit=  0.

-----------------------------------------------

 Limit with real qubits without degenerate measurements:  0.75619896

 Vector (Schmidt coefficients)  0.72311304  0.69072971

 Matrices of measurement operators of Alice (in Schmidt basis)
   dimensionalities of subspaces: 1 1 1 1 1
 1
 0.2743169-0.4461694
-0.4461694 0.7256831
 2
 0.1779308 0.3824545
 0.3824545 0.8220692
 3
 0.9982714-0.0415407
-0.0415407 0.0017286
 4
 0.9489646-0.2200700
-0.2200700 0.0510354
 5
 0.9792270 0.1426235
 0.1426235 0.0207730

 Matrices of measurement operators of Bob (in Schmidt basis)
   dimensionalities of subspaces: 1 1 1 1 1
 1
 0.4466789-0.4971487
-0.4971487 0.5533211
 2
 0.4700833-0.4991042
-0.4991042 0.5299167
 3
 0.7981861-0.4013540
-0.4013540 0.2018139
 4
 0.8605873 0.3463767
 0.3463767 0.1394127
 5
 0.0033418-0.0577113
-0.0577113 0.9966582


-----------------------------------------------

 Maximum value found with 4-dimensional real spaces:  0.75624705

 Vector (Schmidt coefficients)  0.48814372  0.48813978  0.51158324  0.51158368

 Matrices of measurement operators of Alice (in Schmidt basis)
   dimensionalities of subspaces: 2 2 2 2 2
 1
 0.725012 0.000003-0.063993 0.441899
 0.000003 0.725014 0.441898 0.063990
-0.063993 0.441898 0.274987-0.000003
 0.441899 0.063990-0.000003 0.274987
 2
 0.822729-0.000002 0.054715-0.377958
-0.000002 0.822727-0.377959-0.054719
 0.054715-0.377959 0.177272 0.000003
-0.377958-0.054719 0.000003 0.177272
 3
 0.865987 0.338241-0.022983-0.033435
 0.338241 0.134013 0.033434-0.022983
-0.022983 0.033434 0.946897-0.220538
-0.033435-0.022983-0.220538 0.053103
 4
 0.834342-0.369402 0.033949-0.024598
-0.369402 0.165337 0.020685 0.033383
 0.033949 0.020685 0.716144 0.449112
-0.024598 0.033383 0.449112 0.284178
 5
 0.154890 0.359195-0.033525 0.027462
 0.359195 0.845739-0.019820-0.032418
-0.033525-0.019820 0.270335-0.442422
 0.027462-0.032418-0.442422 0.729037

 Matrices of measurement operators of Bob (in Schmidt basis)
   dimensionalities of subspaces: 2 2 2 2 2
 1
 0.524702-0.242279-0.042972 0.434562
-0.242279 0.546261 0.427163 0.081805
-0.042972 0.427163 0.385459 0.229271
 0.434562 0.081805 0.229271 0.543578
 2
 0.779000-0.007171-0.058872 0.410660
-0.007171 0.291858 0.449785 0.065719
-0.058872 0.449785 0.696104 0.075965
 0.410660 0.065719 0.075965 0.233038
 3
 0.542685 0.238791-0.081853 0.429484
 0.238791 0.528605 0.436198 0.043495
-0.081853 0.436198 0.538838-0.226987
 0.429484 0.043495-0.226987 0.389871
 4
 0.704241-0.010673 0.066244-0.451424
-0.010673 0.224573-0.412983-0.058920
 0.066244-0.412983 0.762549 0.078263
-0.451424-0.058920 0.078263 0.308637
 5
 0.996565 0.000000-0.008401 0.057900
 0.000000 0.996565 0.057904 0.008396
-0.008401 0.057904 0.003435 0.000000
 0.057900 0.008396 0.000000 0.003435

-----------------------------------------------

 Best value,          real 4-dimensional component spaces:  0.75624705

-----------------------------------------------

 Upper limits (value, difference)

 Level 1 +ab            :    0.762808    0.006561
 Level 2                :    0.759886    0.003639
 Level 2 +aab           :    0.756247    0.000000
 Limit reached, maximum value is known
