 M_A= 5   M_B= 5
 Bell coefficients, M_A lines, M_B columns:
       |  0 -1 -1 -1  0
   --------------------
     0 | -1 -1 -1  1 -1
    -1 | -1 -1 -1  1  1
     0 | -1 -1  1  0  0
    -1 |  1  1  1  1  0
     0 | -1  1  0  0  0

 Classical limit=  0.

-----------------------------------------------

 Limit with real qubits without degenerate measurements:  0.13142032

 Vector (Schmidt coefficients)  0.75561035  0.65502137

 Matrices of measurement operators of Alice (in Schmidt basis)
   dimensionalities of subspaces: 1 1 1 1 1
 1
 0.6626830-0.4727941
-0.4727941 0.3373170
 2
 0.4031133-0.4905231
-0.4905231 0.5968867
 3
 0.2443557-0.4297045
-0.4297045 0.7556443
 4
 0.6496038 0.4770940
 0.4770940 0.3503962
 5
 0.9988614-0.0337245
-0.0337245 0.0011386

 Matrices of measurement operators of Bob (in Schmidt basis)
   dimensionalities of subspaces: 1 1 1 1 1
 1
 0.4031096 0.4905224
 0.4905224 0.5968904
 2
 0.6626794 0.4727953
 0.4727953 0.3373206
 3
 0.3503933 0.4770931
 0.4770931 0.6496067
 4
 0.7556476-0.4297026
-0.4297026 0.2443524
 5
 0.0011389-0.0337285
-0.0337285 0.9988611

-----------------------------------------------

 Limit with real qubits allowing degenerate measurements:  0.25000000

 Vector (Schmidt coefficients)  0.70710687  0.70710670

 Matrices of measurement operators of Alice (in Schmidt basis)
   dimensionalities of subspaces: 0 0 1 1 1
 1
 0.0000000 0.0000000
 0.0000000 0.0000000
 2
 0.0000000 0.0000000
 0.0000000 0.0000000
 3
 0.0585261-0.2347355
-0.2347355 0.9414739
 4
 0.5174500 0.4996954
 0.4996954 0.4825500
 5
 0.0759758 0.2649595
 0.2649595 0.9240242

 Matrices of measurement operators of Bob (in Schmidt basis)
   dimensionalities of subspaces: 1 1 1 1 1
 1
 0.9414739 0.2347355
 0.2347355 0.0585261
 2
 0.5174498 0.4996954
 0.4996954 0.4825502
 3
 0.0759761 0.2649598
 0.2649598 0.9240239
 4
 0.5174498 0.4996954
 0.4996954 0.4825502
 5
 0.1044286 0.3058157
 0.3058157 0.8955714


-----------------------------------------------

 Maximum value found with 6-dimensional real spaces:  0.30259005

 Vector (Schmidt coefficients)  0.46316459  0.49936441  0.46280930  0.18260334  0.49875733  0.19954562

 Matrices of measurement operators of Alice (in Schmidt basis)
   dimensionalities of subspaces: 2 2 3 4 3
 1
 0.002081 0.027460-0.034206-0.005148 0.006669-0.009053
 0.027460 0.364362-0.462512-0.045942 0.090561-0.081356
-0.034206-0.462512 0.622989-0.034521-0.123561-0.057681
-0.005148-0.045942-0.034521 0.245960 0.010843 0.426635
 0.006669 0.090561-0.123561 0.010843 0.024572 0.018374
-0.009053-0.081356-0.057681 0.426635 0.018374 0.740036
 2
 0.062064-0.103504 0.185883 0.002348 0.113670 0.004462
-0.103504 0.182472-0.304711 0.045674-0.193607 0.077749
 0.185883-0.304711 0.559562 0.033630 0.338278 0.059060
 0.002348 0.045674 0.033630 0.249539-0.016018 0.428708
 0.113670-0.193607 0.338278-0.016018 0.209841-0.026732
 0.004462 0.077749 0.059060 0.428708-0.026732 0.736522
 3
 0.643132 0.168639-0.072530 0.001025 0.442505 0.001441
 0.168639 0.843297 0.291096-0.000192-0.137650-0.004831
-0.072530 0.291096 0.128627 0.007353-0.148377 0.003857
 0.001025-0.000192 0.007353 0.615731-0.000905 0.486364
 0.442505-0.137650-0.148377-0.000905 0.385004 0.001257
 0.001441-0.004831 0.003857 0.486364 0.001257 0.384208
 4
 0.824464-0.107591-0.103340-0.000327-0.349954-0.000066
-0.107591 0.932637-0.027143-0.000203-0.224750-0.000150
-0.103340-0.027143 0.014758-0.000139 0.055822 0.002758
-0.000327-0.000203-0.000139 0.999999-0.000667 0.000000
-0.349954-0.224750 0.055822-0.000667 0.228151-0.000924
-0.000066-0.000150 0.002758 0.000000-0.000924 0.999992
 5
 0.525165 0.366265 0.089073 0.223944-0.117540-0.208126
 0.366265 0.295486 0.076353 0.127747-0.227109-0.017228
 0.089073 0.076353 0.071361-0.142155-0.140695-0.111809
 0.223944 0.127747-0.142155 0.680406 0.282701 0.225511
-0.117540-0.227109-0.140695 0.282701 0.645805-0.252254
-0.208126-0.017228-0.111809 0.225511-0.252254 0.781776

 Matrices of measurement operators of Bob (in Schmidt basis)
   dimensionalities of subspaces: 2 2 3 4 3
 1
 0.544184-0.334863-0.169099-0.056230-0.320364 0.039052
-0.334863 0.211354 0.105091-0.023727 0.206432 0.018145
-0.169099 0.105091 0.052748 0.006064 0.101368-0.003886
-0.056230-0.023727 0.006064 0.648156-0.069269-0.468498
-0.320364 0.206432 0.101368-0.069269 0.204915 0.051032
 0.039052 0.018145-0.003886-0.468498 0.051032 0.338643
 2
 0.589927 0.126086 0.032525 0.054871-0.469426-0.039827
 0.126086 0.026990 0.006849 0.016932-0.099402-0.012235
 0.032525 0.006849 0.002043-0.009705-0.028152 0.006908
 0.054871 0.016932-0.009705 0.652883 0.071877-0.466978
-0.469426-0.099402-0.028152 0.071877 0.394146-0.050939
-0.039827-0.012235 0.006908-0.466978-0.050939 0.334009
 3
 0.985239 0.046382-0.111236 0.001032-0.002209 0.003498
 0.046382 0.795584 0.330080-0.000268-0.226994-0.000275
-0.111236 0.330080 0.154275 0.000668-0.095641-0.000823
 0.001032-0.000268 0.000668 0.935123 0.000619-0.246304
-0.002209-0.226994-0.095641 0.000619 0.064889-0.000022
 0.003498-0.000275-0.000823-0.246304-0.000022 0.064890
 4
 0.854406-0.152858-0.056146-0.000879-0.312851-0.001450
-0.152858 0.583700-0.449249-0.000907-0.133429-0.000369
-0.056146-0.449249 0.382858-0.000315 0.176917 0.001200
-0.000879-0.000907-0.000315 0.999995-0.001901-0.000009
-0.312851-0.133429 0.176917-0.001901 0.179061-0.003994
-0.001450-0.000369 0.001200-0.000009-0.003994 0.999980
 5
 0.540147-0.099755 0.152367 0.418342 0.081431-0.183248
-0.099755 0.354739 0.119364 0.136369-0.226578 0.367105
 0.152367 0.119364 0.456130 0.087100 0.348485 0.285629
 0.418342 0.136369 0.087100 0.504260-0.220876 0.001410
 0.081431-0.226578 0.348485-0.220876 0.647455-0.007778
-0.183248 0.367105 0.285629 0.001410-0.007778 0.497270

-----------------------------------------------

 Maximum value found with 6-dimensional real spaces:  0.30356372

 Vector (Schmidt coefficients)
 0.145488745697 0.062705318776 0.166309418051 0.418167932012 0.145697815336 0.121769234112
 0.166467513091 0.206697263601 0.109404202430 0.451374840568 0.418168396432 0.122208264619
 0.021772734544 0.451366520959 0.206574954555 0.100818233060 0.057753999083

 Matrices of measurement operators of Alice (in Schmidt basis)
   dimensionalities of subspaces:  5  5  7 10 10
 1
  0.8774073718 -0.0000334443 -0.2985674858  0.0001264958 -0.0000441144 -0.1133827952  0.0006997601 -0.0006246848 -0.0000056202  0.0004117541  0.0001251512 -0.0000998734  0.0000002756 -0.0000672514 -0.0745947333  0.0000060078  0.0000298038
 -0.0000334443  0.5415853564  0.0000361977  0.0000590417 -0.0000002341 -0.0008006847 -0.0780309512 -0.0073602587  0.0000000327  0.0002498331  0.0003290920 -0.0000000806 -0.0002753855 -0.0000453943  0.0000194054 -0.0000001764 -0.4920637757
 -0.2985674858  0.0000361977  0.1016004346  0.0000400775  0.0000205405  0.0385821832 -0.0000872103 -0.0014268156  0.0000437322  0.0000392299  0.0000656196  0.0000152384 -0.0000001940  0.0000140553  0.0253889824 -0.0000378611 -0.0000324956
  0.0001264958  0.0000590417  0.0000400775  0.1263172063  0.0000028512 -0.0000216324  0.0046851386 -0.0471207247  0.0000001025 -0.1764215345  0.2524999745  0.0000005832 -0.0000025702  0.1150561885 -0.0003366139 -0.0000000749 -0.0000092815
 -0.0000441144 -0.0000002341  0.0000205405  0.0000028512  0.0091307571  0.0000141626 -0.0000029566  0.0000321021  0.0683847870 -0.0000100393  0.0000068671 -0.0306713988  0.0000000024  0.0000043115 -0.0000057843 -0.0585676430  0.0000002137
 -0.1133827952 -0.0008006847  0.0385821832 -0.0000216324  0.0000141626  0.0146530782  0.0000194171  0.0001567782  0.0000640837 -0.0000579260 -0.0000247759 -0.0000155108  0.0000003772  0.0000073443  0.0096392410 -0.0000550381  0.0007275385
  0.0006997601 -0.0780309512 -0.0000872103  0.0046851386 -0.0000029566  0.0000194171  0.0198859596 -0.0906387791  0.0000007555  0.0099337974  0.0060927861  0.0000001366  0.0000347765 -0.0004470469  0.0002518387 -0.0000006537  0.0709068091
 -0.0006246848 -0.0073602587 -0.0014268156 -0.0471207247  0.0000321021  0.0001567782 -0.0906387791  0.9730668931 -0.0000035128 -0.1097123590 -0.0597589768 -0.0000041469  0.0000557425  0.0073073202 -0.0032863349  0.0000033172  0.0065727888
 -0.0000056202  0.0000000327  0.0000437322  0.0000001025  0.0683847870  0.0000640837  0.0000007555 -0.0000035128  0.5121679134  0.0000009389 -0.0000001655 -0.2297135003  0.0000000039 -0.0000003623 -0.0000699667 -0.4386424052 -0.0000000044
  0.0004117541  0.0002498331  0.0000392299 -0.1764215345 -0.0000100393 -0.0000579260  0.0099337974 -0.1097123590  0.0000009389  0.2786459374 -0.3589814873 -0.0000003478 -0.0000059583 -0.1699211744  0.0010559118 -0.0000008787 -0.0002709589
  0.0001251512  0.0003290920  0.0000656196  0.2524999745  0.0000068671 -0.0000247759  0.0060927861 -0.0597589768 -0.0000001655 -0.3589814873  0.5059724611  0.0000011464 -0.0000034049  0.2318002013 -0.0007867424  0.0000001784 -0.0002138536
 -0.0000998734 -0.0000000806  0.0000152384  0.0000005832 -0.0306713988 -0.0000155108  0.0000001366 -0.0000041469 -0.2297135003 -0.0000003478  0.0000011464  0.1030292937 -0.0000000021  0.0000004647  0.0000401046  0.1967364209  0.0000000627
  0.0000002756 -0.0002753855 -0.0000001940 -0.0000025702  0.0000000024  0.0000003772  0.0000347765  0.0000557425  0.0000000039 -0.0000059583 -0.0000034049 -0.0000000021  0.0000001428  0.0000003932 -0.0000002102 -0.0000000033  0.0002501986
 -0.0000672514 -0.0000453943  0.0000140553  0.1150561885  0.0000043115  0.0000073443 -0.0004470469  0.0073073202 -0.0000003623 -0.1699211744  0.2318002013  0.0000004647  0.0000003932  0.1074395570 -0.0004730317  0.0000003382  0.0000765030
 -0.0745947333  0.0000194054  0.0253889824 -0.0003366139 -0.0000057843  0.0096392410  0.0002518387 -0.0032863349 -0.0000699667  0.0010559118 -0.0007867424  0.0000401046 -0.0000002102 -0.0004730317  0.0063552237  0.0000598198 -0.0000173413
  0.0000060078 -0.0000001764 -0.0000378611 -0.0000000749 -0.0585676430 -0.0000550381 -0.0000006537  0.0000033172 -0.4386424052 -0.0000008787  0.0000001784  0.1967364209 -0.0000000033  0.0000003382  0.0000598198  0.3756720298  0.0000001385
  0.0000298038 -0.4920637757 -0.0000324956 -0.0000092815  0.0000002137  0.0007275385  0.0709068091  0.0065727888 -0.0000000044 -0.0002709589 -0.0002138536  0.0000000627  0.0002501986  0.0000765030 -0.0000173413  0.0000001385  0.4470703840
 2
  0.8774073817  0.0000336900  0.2985674928 -0.0000802126 -0.0000367341 -0.1133828198  0.0006921228 -0.0006244724 -0.0000110458 -0.0004127186 -0.0001589891  0.0000405849  0.0000002762 -0.0000605457  0.0745947498  0.0000125369 -0.0000295522
  0.0000336900  0.5415491609  0.0000382725  0.0002246899 -0.0000002258  0.0008006452  0.0780264379  0.0073412745 -0.0000000306  0.0003019292  0.0001098731  0.0000003201  0.0002708582  0.0000965513  0.0000193384  0.0000001702 -0.4920678485
  0.2985674928  0.0000382725  0.1016004304  0.0000501435 -0.0000071672 -0.0385821799  0.0000851199  0.0014245930 -0.0000441148  0.0000385040  0.0000584921 -0.0000042811  0.0000001949 -0.0000149286  0.0253889749  0.0000388284 -0.0000342851
 -0.0000802126  0.0002246899  0.0000501435  0.3214812222  0.0000056522  0.0000169213 -0.0043478505  0.0422921215  0.0000002349 -0.2900114415  0.3158529878  0.0000009102  0.0000024450 -0.1801477942 -0.0006445231 -0.0000001294 -0.0002637779
 -0.0000367341 -0.0000002258 -0.0000071672  0.0000056522  0.0091277451  0.0000117901  0.0000028945 -0.0000320634 -0.0683729947 -0.0000100642  0.0000048411 -0.0306685514 -0.0000000024 -0.0000041350 -0.0000128859  0.0585576643  0.0000002036
 -0.1133828198  0.0008006452 -0.0385821799  0.0000169213  0.0000117901  0.0146530821  0.0000204029  0.0001567345 -0.0000513487  0.0000580051  0.0000282653 -0.0000289163  0.0000003704  0.0000064205 -0.0096392618  0.0000435799 -0.0007276227
  0.0006921228  0.0780264379  0.0000851199 -0.0043478505  0.0000028945  0.0000204029  0.0198850498 -0.0906398092  0.0000007920 -0.0099423085 -0.0063334513 -0.0000001272  0.0000341231 -0.0002798736 -0.0002522495 -0.0000006294 -0.0709044344
 -0.0006244724  0.0073412745  0.0014245930  0.0422921215 -0.0000320634  0.0001567345 -0.0906398092  0.9730666766 -0.0000038103  0.1098188001  0.0632686577  0.0000042639  0.0000556878  0.0054812010  0.0032834643  0.0000029884 -0.0065925602
 -0.0000110458 -0.0000000306 -0.0000441148  0.0000002349 -0.0683729947 -0.0000513487  0.0000007920 -0.0000038103  0.5121602125 -0.0000010635 -0.0000000153  0.2297282832  0.0000000039 -0.0000003820  0.0000712237 -0.4386367164  0.0000000090
 -0.0004127186  0.0003019292  0.0000385040 -0.2900114415 -0.0000100642  0.0000580051 -0.0099423085  0.1098188001 -0.0000010635  0.2842539419 -0.2816123993 -0.0000003263  0.0000059555  0.1669760469  0.0010633268  0.0000008010 -0.0002074397
 -0.0001589891  0.0001098731  0.0000584921  0.3158529878  0.0000048411  0.0000282653 -0.0063334513  0.0632686577 -0.0000000153 -0.2816123993  0.3108109000  0.0000009119  0.0000035076 -0.1763389125 -0.0005632750  0.0000000770 -0.0001564824
  0.0000405849  0.0000003201 -0.0000042811  0.0000009102 -0.0306685514 -0.0000289163 -0.0000001272  0.0000042639  0.2297282832 -0.0000003263  0.0000009119  0.1030440945  0.0000000023 -0.0000004499  0.0000358381 -0.1967494882 -0.0000002989
  0.0000002762  0.0002708582  0.0000001949  0.0000024450 -0.0000000024  0.0000003704  0.0000341231  0.0000556878  0.0000000039  0.0000059555  0.0000035076  0.0000000023  0.0000001383  0.0000003007  0.0000002099 -0.0000000033 -0.0002461057
 -0.0000605457  0.0000965513 -0.0000149286 -0.1801477942 -0.0000041350  0.0000064205 -0.0002798736  0.0054812010 -0.0000003820  0.1669760469 -0.1763389125 -0.0000004499  0.0000003007  0.1018291639  0.0004553634  0.0000002780 -0.0000517342
  0.0745947498  0.0000193384  0.0253889749 -0.0006445231 -0.0000128859 -0.0096392618 -0.0002522495  0.0032834643  0.0000712237  0.0010633268 -0.0005632750  0.0000358381  0.0000002099  0.0004553634  0.0063552071 -0.0000607387 -0.0000170599
  0.0000125369  0.0000001702  0.0000388284 -0.0000001294  0.0585576643  0.0000435799 -0.0000006294  0.0000029884 -0.4386367164  0.0000008010  0.0000000770 -0.1967494882 -0.0000000033  0.0000002780 -0.0000607387  0.3756679341 -0.0000001385
 -0.0000295522 -0.4920678485 -0.0000342851 -0.0002637779  0.0000002036 -0.0007276227 -0.0709044344 -0.0065925602  0.0000000090 -0.0002074397 -0.0001564824 -0.0000002989 -0.0002461057 -0.0000517342 -0.0000170599 -0.0000001385  0.4471076591
 3
  0.1631339993 -0.0000013659 -0.0000000707 -0.0000105914 -0.0000067421  0.3694877436  0.0002208857 -0.0002145939 -0.0000013145  0.0000000699  0.0000077072  0.0000986835 -0.0000000583  0.0000097049  0.0000000165 -0.0000023023  0.0000030283
 -0.0000013659  0.1995184341  0.0000007444 -0.0003858015  0.0000000269  0.0000009856 -0.0000627175  0.0000690056 -0.0000000074  0.0001262636 -0.0001917204  0.0000001328  0.0000108542  0.0001547859  0.0000020304  0.0000000087 -0.3996380791
 -0.0000000707  0.0000007444  0.9789825133  0.0000309175 -0.0016907047 -0.0000000466 -0.0000013500  0.0000041260 -0.0000032975  0.0009611925  0.0000439111  0.0001967052  0.0000000049 -0.0000089558 -0.1434291739 -0.0000027347 -0.0000001461
 -0.0000105914 -0.0003858015  0.0000309175  0.4382385422 -0.0000102441  0.0000054382 -0.0006548265  0.0019637953 -0.0000000850  0.1806497245 -0.2385551447 -0.0000016277 -0.0000004763 -0.3957732971  0.0012524195  0.0000000029  0.0003683792
 -0.0000067421  0.0000000269 -0.0016907047 -0.0000102441  0.0189246693 -0.0000513149  0.0000000227  0.0000000092  0.0000023268 -0.0000485544 -0.0000141417  0.1362483678  0.0000000000  0.0000003875  0.0002111946  0.0000036569 -0.0000000081
  0.3694877436  0.0000009856 -0.0000000466  0.0000054382 -0.0000513149  0.8368655564  0.0001651156 -0.0006106690 -0.0000029819 -0.0000000655 -0.0000039291 -0.0000360302 -0.0000002401 -0.0000070731  0.0000000894 -0.0000052213 -0.0000013107
  0.0002208857 -0.0000627175 -0.0000013500 -0.0006548265  0.0000000227  0.0001651156  0.8782563796  0.3269871985  0.0000006943  0.0000079668  0.0004718591  0.0000000496  0.0002836110  0.0008181508  0.0000013425 -0.0000008426  0.0000449878
 -0.0002145939  0.0000690056  0.0000041260  0.0019637953  0.0000000092 -0.0006106690  0.3269871985  0.1217546932  0.0000002606 -0.0000151193 -0.0014289420 -0.0000001862  0.0001055963 -0.0018701200 -0.0000001781 -0.0000003093 -0.0001704492
 -0.0000013145 -0.0000000074 -0.0000032975 -0.0000000850  0.0000023268 -0.0000029819  0.0000006943  0.0000002606  0.0000000003 -0.0000002292 -0.0000000369  0.0000167116  0.0000000002  0.0000000395  0.0000004771  0.0000000005  0.0000000148
  0.0000000699  0.0001262636  0.0009611925  0.1806497245 -0.0000485544 -0.0000000655  0.0000079668 -0.0000151193 -0.0000002292  0.8899359380  0.2554641667  0.0000103492  0.0000000124 -0.0041699985  0.0059410675 -0.0000001812 -0.0002702746
  0.0000077072 -0.0001917204  0.0000439111 -0.2385551447 -0.0000141417 -0.0000039291  0.0004718591 -0.0014289420 -0.0000000369  0.2554641667  0.2833596845 -0.0000022519  0.0000003195  0.2844130019  0.0017232477 -0.0000000799  0.0006689353
  0.0000986835  0.0000001328  0.0001967052 -0.0000016277  0.1362483678 -0.0000360302  0.0000000496 -0.0000001862  0.0000167116  0.0000103492 -0.0000022519  0.9810782138 -0.0000000001 -0.0000000743 -0.0002893215  0.0000262956  0.0000000735
 -0.0000000583  0.0000108542  0.0000000049 -0.0000004763  0.0000000000 -0.0000002401  0.0002836110  0.0001055963  0.0000000002  0.0000000124  0.0000003195 -0.0000000001  0.0000000922  0.0000005130 -0.0000000002 -0.0000000003 -0.0000217669
  0.0000097049  0.0001547859 -0.0000089558 -0.3957732971  0.0000003875 -0.0000070731  0.0008181508 -0.0018701200  0.0000000395 -0.0041699985  0.2844130019 -0.0000000743  0.0000005130  0.3884152685 -0.0000491904 -0.0000000379  0.0000842591
  0.0000000165  0.0000020304 -0.1434291739  0.0012524195  0.0002111946  0.0000000894  0.0000013425 -0.0000001781  0.0000004771  0.0059410675  0.0017232477 -0.0002893215 -0.0000000002 -0.0000491904  0.0210552152  0.0000003925 -0.0000044053
 -0.0000023023  0.0000000087 -0.0000027347  0.0000000029  0.0000036569 -0.0000052213 -0.0000008426 -0.0000003093  0.0000000005 -0.0000001812 -0.0000000799  0.0000262956 -0.0000000003 -0.0000000379  0.0000003925  0.0000000007 -0.0000000174
  0.0000030283 -0.3996380791 -0.0000001461  0.0003683792 -0.0000000081 -0.0000013107  0.0000449878 -0.0001704492  0.0000000148 -0.0002702746  0.0006689353  0.0000000735 -0.0000217669  0.0000842591 -0.0000044053 -0.0000000174  0.8004807994
 4
  0.5160763447 -0.0000003122 -0.0000000035  0.0000009303  0.0000171466  0.4997394433  0.0013600588 -0.0004123714 -0.0000075975 -0.0000000557 -0.0000006898  0.0001402336  0.0000003147 -0.0000057827  0.0000000079 -0.0000115527  0.0000000160
 -0.0000003122  0.9999999825  0.0000095477  0.0000533111 -0.0000000660  0.0000003163  0.0000013224 -0.0000011311 -0.0000000014  0.0000005150 -0.0000059623  0.0000001878  0.0000000005 -0.0001206783  0.0000028730  0.0000000032 -0.0000000128
 -0.0000000035  0.0000095477  0.0769623105  0.0007204726 -0.0001606050 -0.0000000190  0.0000056799  0.0000060262 -0.0000016977 -0.0010226226  0.0009892356  0.0000549304 -0.0000000031  0.0000090547 -0.2665268106 -0.0000003701 -0.0000049029
  0.0000009303  0.0000533111  0.0007204726  0.5704731614  0.0000192316  0.0000035255 -0.0004351987 -0.0000881716  0.0000001509 -0.0310572521 -0.4122441194  0.0000082525 -0.0000000951  0.2722452978 -0.0023547344  0.0000000287  0.0000116781
  0.0000171466 -0.0000000660 -0.0001606050  0.0000192316  0.8885280898 -0.0001021958 -0.0000000630  0.0000000217  0.0000012543  0.0000059333  0.0000264525  0.3147155516  0.0000000000 -0.0000000636  0.0000857844 -0.0000051307  0.0000000316
  0.4997394433  0.0000003163 -0.0000000190  0.0000035255 -0.0001021958  0.4839216387  0.0003198423 -0.0013613867  0.0000138686 -0.0000000422 -0.0000025817  0.0000937162  0.0000003256 -0.0000062507  0.0000000816 -0.0000019824 -0.0000000442
  0.0013600588  0.0000013224  0.0000056799 -0.0004351987 -0.0000000630  0.0003198423  0.5179072060  0.4996763410  0.0000023621  0.0000063886  0.0003158708  0.0000000789 -0.0001819047  0.0007821408  0.0000026621 -0.0000011623  0.0000074536
 -0.0004123714 -0.0000011311  0.0000060262 -0.0000881716  0.0000000217 -0.0013613867  0.4996763410  0.4820933101 -0.0000008400  0.0000077001  0.0000636741 -0.0000003422  0.0001885402  0.0009130898  0.0000006782 -0.0000024457 -0.0000075300
 -0.0000075975 -0.0000000014 -0.0000016977  0.0000001509  0.0000012543  0.0000138686  0.0000023621 -0.0000008400  0.8418513016 -0.0000000171  0.0000001599  0.0000030415  0.0000000071 -0.0000000191  0.0000000114  0.3648803740 -0.0000000016
 -0.0000000557  0.0000005150 -0.0010226226 -0.0310572521  0.0000059333 -0.0000000422  0.0000063886  0.0000077001 -0.0000000171  0.9967156854 -0.0474930857 -0.0000111750  0.0000000006 -0.0072139247 -0.0005431698  0.0000000679 -0.0000026819
 -0.0000006898 -0.0000059623  0.0009892356 -0.4122441194  0.0000264525 -0.0000025817  0.0003158708  0.0000636741  0.0000001599 -0.0474930857  0.3028447054  0.0000113490  0.0000000691 -0.1972749211 -0.0032407530  0.0000000973 -0.0000488092
  0.0001402336  0.0000001878  0.0000549304  0.0000082525  0.3147155516  0.0000937162  0.0000000789 -0.0000003422  0.0000030415 -0.0000111750  0.0000113490  0.1114720570  0.0000000001  0.0000000866 -0.0003567969 -0.0000006932 -0.0000000879
  0.0000003147  0.0000000005 -0.0000000031 -0.0000000951  0.0000000000  0.0000003256 -0.0001819047  0.0001885402  0.0000000071  0.0000000006  0.0000000691  0.0000000001  0.9999999314  0.0000000743 -0.0000000005 -0.0000000148  0.0000000028
 -0.0000057827 -0.0001206783  0.0000090547  0.2722452978 -0.0000000636 -0.0000062507  0.0007821408  0.0009130898 -0.0000000191 -0.0072139247 -0.1972749211  0.0000000866  0.0000000743  0.1299843346  0.0000045002 -0.0000000308 -0.0000986765
  0.0000000079  0.0000028730 -0.2665268106 -0.0023547344  0.0000857844  0.0000000816  0.0000026621  0.0000006782  0.0000000114 -0.0005431698 -0.0032407530 -0.0003567969 -0.0000000005  0.0000045002  0.9230212551 -0.0000012589 -0.0000015584
 -0.0000115527  0.0000000032 -0.0000003701  0.0000000287 -0.0000051307 -0.0000019824 -0.0000011623 -0.0000024457  0.3648803740  0.0000000679  0.0000000973 -0.0000006932 -0.0000000148 -0.0000000308 -0.0000012589  0.1581486983  0.0000000035
  0.0000000160 -0.0000000128 -0.0000049029  0.0000116781  0.0000000316 -0.0000000442  0.0000074536 -0.0000075300 -0.0000000016 -0.0000026819 -0.0000488092 -0.0000000879  0.0000000028 -0.0000986765 -0.0000015584  0.0000000035  0.9999999876
 5
  0.9440353080 -0.0000693610  0.0000181186 -0.0017462083 -0.0000110839 -0.1562764005  0.0004205356 -0.0014199059 -0.1101791827  0.0011357602 -0.0024464801 -0.0000349906 -0.0000022896 -0.0000505839 -0.0000396072 -0.1275082139  0.0000830981
 -0.0000693610  0.7050966106  0.3827980331  0.0009554289 -0.0000389752  0.0000249629  0.0000350687 -0.0001348883  0.0014908273 -0.0003075087  0.0013505269 -0.0023721957  0.0000025420  0.0000156122  0.0301086119 -0.0018266223 -0.2459277805
  0.0000181186  0.3827980331  0.5000112247 -0.0199247855  0.0000061396 -0.0000060620  0.0002530030 -0.0002771516 -0.0003364529  0.0011313216  0.0116357502  0.0000007491  0.0030512655  0.0317322773 -0.0000023398  0.0004120437  0.3192417989
 -0.0017462083  0.0009554289 -0.0199247855  0.7844232010 -0.0012826011  0.0006115802  0.0015743456 -0.0051441202  0.0376927061  0.2145207254  0.2475396540 -0.0001607714  0.0000243798  0.0583518270  0.2332763841 -0.0461700724  0.0011192688
 -0.0000110839 -0.0000389752  0.0000061396 -0.0012826011  0.5000000101 -0.0001018874  0.4746504264  0.1473867773  0.0000050193  0.0000199463  0.0009330036 -0.0000000299 -0.0545494576  0.0024367655 -0.0000002203  0.0000059695 -0.0000364447
 -0.1562764005  0.0000249629 -0.0000060620  0.0006115802 -0.0001018874  0.5549925780 -0.0002399563  0.0007766046 -0.3717700818 -0.0003977282  0.0008594472  0.0000095727 -0.0001254985  0.0000202029 -0.0000009378 -0.2904110012 -0.0000286875
  0.0004205356  0.0000350687  0.0002530030  0.0015743456  0.4746504264 -0.0002399563  0.5437357433 -0.1408082640 -0.0101281636 -0.0006441039  0.0008704354  0.0520607526  0.0000320031 -0.0012283783  0.0013631352  0.0121230279 -0.0000439444
 -0.0014199059 -0.0001348883 -0.0002771516 -0.0051441202  0.1473867773  0.0007766046 -0.1408082640  0.9533354779  0.0323399648  0.0017060150 -0.0029089073  0.0162811238 -0.0001031444  0.0039560479  0.0055421048 -0.0392329468  0.0001355732
 -0.1101791827  0.0014908273 -0.0003364529  0.0376927061  0.0000050193 -0.3717700818 -0.0101281636  0.0323399648  0.3063309543 -0.0242771715  0.0521700790 -0.0001010411 -0.0000047220  0.0004934125  0.0000253946  0.2371788869 -0.0017745127
  0.0011357602 -0.0003075087  0.0011313216  0.2145207254  0.0000199463 -0.0003977282 -0.0006441039  0.0017060150 -0.0242771715  0.5652882444 -0.3540633136  0.0000104463 -0.0000104783  0.2699369581 -0.0034458490  0.0297303704 -0.0004622998
 -0.0024464801  0.0013505269  0.0116357502  0.2475396540  0.0009330036  0.0008594472  0.0008704354 -0.0029089073  0.0521700790 -0.3540633136  0.6427656261  0.0000901377  0.0000326000  0.0857261375 -0.1693328824 -0.0638802541  0.0014927540
 -0.0000349906 -0.0023721957  0.0000007491 -0.0001607714 -0.0000000299  0.0000095727  0.0520607526  0.0162811238 -0.0001010411  0.0000104463  0.0000901377  0.5000000019  0.4970059897  0.0002761618 -0.0000000255 -0.0000643405 -0.0019737973
 -0.0000022896  0.0000025420  0.0030512655  0.0000243798 -0.0545494576 -0.0001254985  0.0000320031 -0.0001031444 -0.0000047220 -0.0000104783  0.0000326000  0.4970059897  0.5000000235 -0.0000008143  0.0002510600  0.0000188288 -0.0000029658
 -0.0000505839  0.0000156122  0.0317322773  0.0583518270  0.0024367655  0.0000202029 -0.0012283783  0.0039560479  0.0004934125  0.2699369581  0.0857261375  0.0002761618 -0.0000008143  0.4955391784 -0.4066073491 -0.0005826103 -0.0000130185
 -0.0000396072  0.0301086119 -0.0000023398  0.2332763841 -0.0000002203 -0.0000009378  0.0013631352  0.0055421048  0.0000253946 -0.0034458490 -0.1693328824 -0.0000000255  0.0002510600 -0.4066073491  0.4999996113 -0.0000311084  0.0250584427
 -0.1275082139 -0.0018266223  0.0004120437 -0.0461700724  0.0000059695 -0.2904110012  0.0121230279 -0.0392329468  0.2371788869  0.0297303704 -0.0638802541 -0.0000643405  0.0000188288 -0.0005826103 -0.0000311084  0.2095550616  0.0021722368
  0.0000830981 -0.2459277805  0.3192417989  0.0011192688 -0.0000364447 -0.0000286875 -0.0000439444  0.0001355732 -0.0017745127 -0.0004622998  0.0014927540 -0.0019737973 -0.0000029658 -0.0000130185  0.0250584427  0.0021722368  0.7948911449

 Matrices of measurement operators of Bob (in Schmidt basis)
   dimensionalities of subspaces:  6  6  7 10  7
 1
  0.0090532539 -0.0000003597 -0.0000028433  0.0000048603  0.0000384234  0.0307356357 -0.0000073850 -0.0000130982  0.0670533338 -0.0000041469 -0.0000056759  0.0000114687  0.0000003819  0.0000100919  0.0000320947  0.0594176790 -0.0000003157
 -0.0000003597  0.5431935463 -0.0782369423  0.0001510954 -0.0000219206 -0.0000002244  0.0000319513  0.0000231255  0.0000000513  0.0000430352 -0.0003065594  0.0006596373  0.0000153793 -0.0002493340 -0.0073577283  0.0000000912  0.4918928176
 -0.0000028433 -0.0782369423  0.0198573081  0.0063175255  0.0006740256 -0.0000000707 -0.0000810576  0.0002516930  0.0000009493  0.0002795094 -0.0043332851  0.0000106810 -0.0002358884 -0.0099010448 -0.0903525259  0.0000008298 -0.0708591561
  0.0000048603  0.0001510954  0.0063175255  0.3107611119  0.0001577666 -0.0000009293  0.0000578532 -0.0005639202  0.0000000525 -0.1763382019 -0.3157614839  0.0000276648  0.0000006215  0.2816853628 -0.0632553417 -0.0000000071  0.0000649212
  0.0000384234 -0.0000219206  0.0006740256  0.0001577666  0.8771080284  0.0000801481 -0.2986850733 -0.0747067065 -0.0000243448  0.0000602909 -0.0000789910  0.1137970386  0.0066969071 -0.0004104764 -0.0006231863 -0.0000155481 -0.0000135964
  0.0307356357 -0.0000002244 -0.0000000707 -0.0000009293  0.0000801481  0.1043469516 -0.0000077524 -0.0000397612  0.2276449211  0.0000004499  0.0000009056  0.0000316810  0.0000142788 -0.0000002740  0.0000046789  0.2017220032 -0.0000001770
 -0.0000073850  0.0000319513 -0.0000810576  0.0000578532 -0.2986850733 -0.0000077524  0.1017169050  0.0254461848  0.0000509042 -0.0000149676 -0.0000498764 -0.0388251677 -0.0009457830 -0.0000372721 -0.0014094148  0.0000430544  0.0000266122
 -0.0000130982  0.0000231255  0.0002516930 -0.0005639202 -0.0747067065 -0.0000397612  0.0254461848  0.0063765462 -0.0000697426  0.0004557183  0.0006449841 -0.0097120376 -0.0002126460 -0.0010637614 -0.0032815544 -0.0000623145  0.0000201679
  0.0670533338  0.0000000513  0.0000009493  0.0000000525 -0.0000243448  0.2276449211  0.0000509042 -0.0000697426  0.4966337220  0.0000003565  0.0000001569  0.0000449184 -0.0000002284 -0.0000009668 -0.0000037616  0.4400798773  0.0000001000
 -0.0000041469  0.0000430352  0.0002795094 -0.1763382019  0.0000602909  0.0000004499 -0.0000149676  0.0004557183  0.0000003565  0.1018436118  0.1801229044  0.0000063557  0.0000007268 -0.1670382863 -0.0054755857  0.0000003435  0.0000753355
 -0.0000056759 -0.0003065594 -0.0043332851 -0.3157614839 -0.0000789910  0.0000009056 -0.0000498764  0.0006449841  0.0000001569  0.1801229044  0.3213458894 -0.0000163453 -0.0000017579 -0.2900440924  0.0422873341  0.0000001920 -0.0002069040
  0.0000114687  0.0006596373  0.0000106810  0.0000276648  0.1137970386  0.0000316810 -0.0388251677 -0.0097120376  0.0000449184  0.0000063557 -0.0000163453  0.0177916564 -0.0540629871 -0.0000572304 -0.0001470159  0.0000406438  0.0005979185
  0.0000003819  0.0000153793 -0.0002358884  0.0000006215  0.0066969071  0.0000142788 -0.0009457830 -0.0002126460 -0.0000002284  0.0000007268 -0.0000017579 -0.0540629871  0.9970224824 -0.0000017413 -0.0000273961 -0.0000012236  0.0000180484
  0.0000100919 -0.0002493340 -0.0099010448  0.2816853628 -0.0004104764 -0.0000002740 -0.0000372721 -0.0010637614 -0.0000009668 -0.1670382863 -0.2900440924 -0.0000572304 -0.0000017413  0.2844063804  0.1097538642 -0.0000008934 -0.0002730423
  0.0000320947 -0.0073577283 -0.0903525259 -0.0632553417 -0.0006231863  0.0000046789 -0.0014094148 -0.0032815544 -0.0000037616 -0.0054755857  0.0422873341 -0.0001470159 -0.0000273961  0.1097538642  0.9731394390 -0.0000032362 -0.0065452078
  0.0594176790  0.0000000912  0.0000008298 -0.0000000071 -0.0000155481  0.2017220032  0.0000430544 -0.0000623145  0.4400798773  0.0000003435  0.0000001920  0.0000406438 -0.0000012236 -0.0000008934 -0.0000032362  0.3899660653  0.0000001301
 -0.0000003157  0.4918928176 -0.0708591561  0.0000649212 -0.0000135964 -0.0000001770  0.0000266122  0.0000201679  0.0000001000  0.0000753355 -0.0002069040  0.0005979185  0.0000180484 -0.0002730423 -0.0065452078  0.0000001301  0.4454371020
 2
  0.0090540392 -0.0000003587  0.0000029076  0.0000068767  0.0000423584  0.0307353969  0.0000203447 -0.0000061304 -0.0670565742  0.0000043157 -0.0000028541  0.0000145652 -0.0000002745  0.0000100504 -0.0000321761 -0.0594206287 -0.0000003136
 -0.0000003587  0.5431508709  0.0782319630  0.0002455414  0.0000220844  0.0000001161  0.0000300036  0.0000230496 -0.0000000548 -0.0000964634 -0.0000464872 -0.0006596394  0.0000152438 -0.0002968349  0.0073381827 -0.0000000813  0.4918976685
  0.0000029076  0.0782319630  0.0198565130 -0.0060718561  0.0006817444  0.0000000663  0.0000831766 -0.0002513475  0.0000009809  0.0004433946  0.0046645919  0.0000116809  0.0002358601  0.0098978090 -0.0903541098  0.0000008118  0.0708572296
  0.0000068767  0.0002455414 -0.0060718561  0.5057906895 -0.0001240558 -0.0000011275  0.0000656913 -0.0007874278  0.0000001761  0.2317683983 -0.2524575203 -0.0000241153  0.0000018644  0.3590365032  0.0597512858  0.0000001123  0.0002881267
  0.0000423584  0.0000220844  0.0006817444 -0.0001240558  0.8771080411 -0.0001401741  0.2986850385  0.0747067165 -0.0000174480  0.0000672529  0.0001256056  0.1137969764 -0.0066969069  0.0004093318 -0.0006234122 -0.0000110580  0.0000134319
  0.0307353969  0.0000001161  0.0000000663 -0.0000011275 -0.0001401741  0.1043363692 -0.0000274824 -0.0000445839 -0.2276344868 -0.0000004542  0.0000005861  0.0000118023 -0.0000131380 -0.0000002980 -0.0000046532 -0.2017130247  0.0000001324
  0.0000203447  0.0000300036  0.0000831766  0.0000656913  0.2986850385 -0.0000274824  0.1017168879  0.0254461970 -0.0000501909  0.0000145216 -0.0000399244  0.0388251536 -0.0009457881 -0.0000375794  0.0014116836 -0.0000429737  0.0000248089
 -0.0000061304  0.0000230496 -0.0002513475 -0.0007874278  0.0747067165 -0.0000445839  0.0254461970  0.0063765679  0.0000696785 -0.0004733631  0.0003370960  0.0097120170 -0.0002126465 -0.0010563787  0.0032844774  0.0000621216  0.0000199038
 -0.0670565742 -0.0000000548  0.0000009809  0.0000001761 -0.0000174480 -0.2276344868 -0.0000501909  0.0000696785  0.4966386366  0.0000004057  0.0000000905 -0.0000693968  0.0000001617  0.0000010692 -0.0000040187  0.4400848157 -0.0000001059
  0.0000043157 -0.0000964634  0.0004433946  0.2317683983  0.0000672529 -0.0000004542  0.0000145216 -0.0004733631  0.0000004057  0.1074482393 -0.1150630141  0.0000073339 -0.0000007558  0.1699802305 -0.0073014413  0.0000003184 -0.0000540773
 -0.0000028541 -0.0000464872  0.0046645919 -0.2524575203  0.0001256056  0.0000005861 -0.0000399244  0.0003370960  0.0000000905 -0.1150630141  0.1263195912  0.0000213111 -0.0000000486 -0.1764864076 -0.0471095087  0.0000000915 -0.0000733498
  0.0000145652 -0.0006596394  0.0000116809 -0.0000241153  0.1137969764  0.0000118023  0.0388251536  0.0097120170 -0.0000693968  0.0000073339  0.0000213111  0.0177916446  0.0540629875  0.0000570840 -0.0001470306 -0.0000608649 -0.0005980023
 -0.0000002745  0.0000152438  0.0002358601  0.0000018644 -0.0066969069 -0.0000131380 -0.0009457881 -0.0002126465  0.0000001617 -0.0000007558 -0.0000000486  0.0540629875  0.9970224823 -0.0000017288  0.0000273957  0.0000011663  0.0000182051
  0.0000100504 -0.0002968349  0.0098978090  0.3590365032  0.0004093318 -0.0000002980 -0.0000375794 -0.0010563787  0.0000010692  0.1699802305 -0.1764864076  0.0000570840 -0.0000017288  0.2787985370 -0.1096475487  0.0000008236 -0.0002083251
 -0.0000321761  0.0073381827 -0.0903541098  0.0597512858 -0.0006234122 -0.0000046532  0.0014116836  0.0032844774 -0.0000040187 -0.0073014413 -0.0471095087 -0.0001470306  0.0000273957 -0.1096475487  0.9731390570 -0.0000029639  0.0065656642
 -0.0594206287 -0.0000000813  0.0000008118  0.0000001123 -0.0000110580 -0.2017130247 -0.0000429737  0.0000621216  0.4400848157  0.0000003184  0.0000000915 -0.0000608649  0.0000011663  0.0000008236 -0.0000029639  0.3899709582 -0.0000001235
 -0.0000003136  0.4918976685  0.0708572296  0.0002881267  0.0000134319  0.0000001324  0.0000248089  0.0000199038 -0.0000001059 -0.0000540773 -0.0000733498 -0.0005980023  0.0000182051 -0.0002083251  0.0065656642 -0.0000001235  0.4454808750
 3
  0.1104661111  0.0000001594 -0.0000000556 -0.0000264652  0.0000172573  0.3134697691  0.0001843634 -0.0000864939 -0.0000006579  0.0000000313  0.0000192261  0.0001019182 -0.0000000631  0.0000058895  0.0000000155 -0.0000016474  0.0000001846
  0.0000001594  0.2008054111 -0.0000055189 -0.0000435315  0.0000001687  0.0000001132 -0.0000056928 -0.0000066403 -0.0000000002 -0.0001431660 -0.0000175006  0.0000002503 -0.0000117711 -0.0000013913  0.0000129186 -0.0000000006  0.4006027644
 -0.0000000556 -0.0000055189  0.4819491724  0.0003150253 -0.0012931473 -0.0000000824  0.0000056512  0.0000027000 -0.0000023833  0.0007795368  0.0004328969  0.0003181694  0.0000000002 -0.0000066432 -0.4996713916 -0.0000023109  0.0000120749
 -0.0000264652 -0.0000435315  0.0003150253  0.6971247858 -0.0000008084  0.0000113921 -0.0009925324  0.0032437270 -0.0000001652  0.1971831724 -0.4123219550  0.0000023713 -0.0000000341 -0.0473244768  0.0000639451  0.0000001005  0.0000412422
  0.0000172573  0.0000001687 -0.0012931473 -0.0000008084  0.4820134604 -0.0001400239  0.0000000194  0.0000000023  0.0000110297 -0.0000056893 -0.0000011322  0.4996745165  0.0000000000  0.0000000405  0.0004114255  0.0000192903 -0.0000002119
  0.3134697691  0.0000001132 -0.0000000824  0.0000113921 -0.0001400239  0.8895337307  0.0000538952 -0.0003806367 -0.0000018721  0.0000000969 -0.0000082752  0.0000932921 -0.0000001875  0.0000112112  0.0000003243 -0.0000046819 -0.0000001549
  0.0001843634 -0.0000056928  0.0000056512 -0.0009925324  0.0000000194  0.0000538952  0.9228743207  0.2667859088  0.0000014779 -0.0000080427  0.0007199408  0.0000000015  0.0000165360 -0.0010232215  0.0000060192 -0.0000011470  0.0000060972
 -0.0000864939 -0.0000066403  0.0000027000  0.0032437270  0.0000000023 -0.0003806367  0.2667859088  0.0771421633  0.0000004272 -0.0000045388 -0.0023578798 -0.0000001057  0.0000047805 -0.0005430723  0.0000006371 -0.0000003289 -0.0000079311
 -0.0000006579 -0.0000000002 -0.0000023833 -0.0000001652  0.0000110297 -0.0000018721  0.0000014779  0.0000004272  0.0000000003 -0.0000000322  0.0000001033  0.0000114252  0.0000000000  0.0000000095  0.0000024497  0.0000000005 -0.0000000005
  0.0000000313 -0.0001431660  0.0007795368  0.1971831724 -0.0000056893  0.0000000969 -0.0000080427 -0.0000045388 -0.0000000322  0.8701581515  0.2721181070  0.0000062146  0.0000000013 -0.0072122303  0.0009095100 -0.0000000186  0.0000586315
  0.0000192261 -0.0000175006  0.0004328969 -0.4123219550 -0.0000011322 -0.0000082752  0.0007199408 -0.0023578798  0.0000001033  0.2721181070  0.4294384246  0.0000032735  0.0000000243  0.0309375218  0.0000873963 -0.0000000832  0.0000363723
  0.0001019182  0.0000002503  0.0003181694  0.0000023713  0.4996745165  0.0000932921  0.0000000015 -0.0000001057  0.0000114252  0.0000062146  0.0000032735  0.5179884495 -0.0000000001 -0.0000000550 -0.0012931813  0.0000199881  0.0000000139
 -0.0000000631 -0.0000117711  0.0000000002 -0.0000000341  0.0000000000 -0.0000001875  0.0000165360  0.0000047805  0.0000000000  0.0000000013  0.0000000243 -0.0000000001  0.0000000010 -0.0000000170 -0.0000000004  0.0000000000 -0.0000234827
  0.0000058895 -0.0000013913 -0.0000066432 -0.0473244768  0.0000000405  0.0000112112 -0.0010232215 -0.0005430723  0.0000000095 -0.0072122303  0.0309375218 -0.0000000550 -0.0000000170  0.0032607272 -0.0000074557 -0.0000000059 -0.0000091562
  0.0000000155  0.0000129186 -0.4996713916  0.0000639451  0.0004114255  0.0000003243  0.0000060192  0.0000006371  0.0000024497  0.0009095100  0.0000873963 -0.0012931813 -0.0000000004 -0.0000074557  0.5180504744  0.0000023587  0.0000025190
 -0.0000016474 -0.0000000006 -0.0000023109  0.0000001005  0.0000192903 -0.0000046819 -0.0000011470 -0.0000003289  0.0000000005 -0.0000000186 -0.0000000832  0.0000199881  0.0000000000 -0.0000000059  0.0000023587  0.0000000008 -0.0000000014
  0.0000001846  0.4006027644  0.0000120749  0.0000412422 -0.0000002119 -0.0000001549  0.0000060972 -0.0000079311 -0.0000000005  0.0000586315  0.0000363723  0.0000000139 -0.0000234827 -0.0000091562  0.0000025190 -0.0000000014  0.7991946153
 4
  0.9810414989 -0.0000000252  0.0000000039  0.0000137145 -0.0000068534  0.1363669285  0.0017561451 -0.0002184723 -0.0000034092 -0.0000004261 -0.0000100061  0.0000517742  0.0000000286 -0.0000488274  0.0000000127 -0.0000005005 -0.0000000068
 -0.0000000252  0.9999999490  0.0000310878  0.0001058484 -0.0000001052  0.0000001483  0.0000021542 -0.0000002346  0.0000000000  0.0001388788  0.0001386006  0.0000002383  0.0000000001 -0.0000129272  0.0000123414  0.0000000000  0.0000000411
  0.0000000039  0.0000310878  0.1215598166  0.0004760411 -0.0001996661 -0.0000000227 -0.0000012505  0.0000013661  0.0000005921  0.0008165933  0.0006486288  0.0001545618 -0.0000000007 -0.0000054362 -0.3267746136  0.0000028860 -0.0000239885
  0.0000137145  0.0001058484  0.0004760411  0.7166160242  0.0000077139  0.0000008226 -0.0000479425 -0.0017260813 -0.0000001477 -0.2844388530 -0.2384083879  0.0000039182 -0.0000000057  0.2555938647 -0.0014240147 -0.0000006042 -0.0000794497
