 M_A= 5   M_B= 5
 Bell coefficients, M_A lines, M_B columns:
       |  0 -1 -1  0 -1
   --------------------
     0 | -1 -1  1 -1  0
    -1 | -1 -1  0  1  1
    -1 |  0  1  1  0  1
     0 | -1  1  0  0  0
    -1 |  1  0  1  0  0

 Classical limit=  0.

-----------------------------------------------

 Limit with real qubits without degenerate measurements:  0.13637563

 Vector (Schmidt coefficients)  0.83222962  0.55443111

 Matrices of measurement operators of Alice (in Schmidt basis)
   dimensionalities of subspaces: 1 1 1 1 1
 1
 0.8928614 0.3092894
 0.3092894 0.1071386
 2
 0.0954646 0.2938556
 0.2938556 0.9045354
 3
 0.3675771 0.4821454
 0.4821454 0.6324229
 4
 0.0707858 0.2564667
 0.2564667 0.9292142
 5
 0.9906293-0.0963476
-0.0963476 0.0093707

 Matrices of measurement operators of Bob (in Schmidt basis)
   dimensionalities of subspaces: 1 1 1 1 1
 1
 0.7632435-0.4250916
-0.4250916 0.2367565
 2
 0.0044085 0.0662498
 0.0662498 0.9955915
 3
 0.9135147 0.2810794
 0.2810794 0.0864853
 4
 0.0000797-0.0089293
-0.0089293 0.9999203
 5
 0.2000459 0.4000345
 0.4000345 0.7999541

-----------------------------------------------

 Limit with real qubits allowing degenerate measurements:  0.37544734

 Vector (Schmidt coefficients)  0.74184415  0.67057234

 Matrices of measurement operators of Alice (in Schmidt basis)
   dimensionalities of subspaces: 0 1 1 1 1
 1
 0.0000000 0.0000000
 0.0000000 0.0000000
 2
 0.7818706 0.4129758
 0.4129758 0.2181294
 3
 0.8818351-0.3228032
-0.3228032 0.1181649
 4
 0.9954937-0.0669775
-0.0669775 0.0045063
 5
 0.3567416-0.4790376
-0.4790376 0.6432584

 Matrices of measurement operators of Bob (in Schmidt basis)
   dimensionalities of subspaces: 1 1 1 1 1
 1
 0.1181649-0.3228032
-0.3228032 0.8818351
 2
 0.7818703-0.4129759
-0.4129759 0.2181297
 3
 0.6432587-0.4790375
-0.4790375 0.3567413
 4
 0.8143636 0.3888130
 0.3888130 0.1856364
 5
 0.9954938 0.0669767
 0.0669767 0.0045062


-----------------------------------------------

 Limit with complex qubits without degenerate measurements:  0.17435405
 Note: better with real qubits with degenerate measurement

 Vector (Schmidt coefficients)  0.74603756  0.66590386

 Matrices of measurement operators of Alice (in Schmidt basis)
   dimensionalities of subspaces: 1 1 1 1 1
 1
( 0.6854526, 0.0000000)  ( 0.0723071,-0.4586709)
( 0.0723071, 0.4586709)  ( 0.3145474, 0.0000000)
 2
( 0.4389393, 0.0000000)  ( 0.4958213, 0.0208036)
( 0.4958213,-0.0208036)  ( 0.5610607, 0.0000000)
 3
( 0.9496269, 0.0000000)  ( 0.1050861, 0.1918140)
( 0.1050861,-0.1918140)  ( 0.0503731, 0.0000000)
 4
( 0.6808093, 0.0000000)  ( 0.3085357, 0.3494477)
( 0.3085357,-0.3494477)  ( 0.3191907, 0.0000000)
 5
( 0.7613547, 0.0000000)  (-0.4018716,-0.1421020)
(-0.4018716, 0.1421020)  ( 0.2386453, 0.0000000)

 Matrices of measurement operators of Bob (in Schmidt basis)
   dimensionalities of subspaces: 1 1 1 1 1
 1
( 0.4387242, 0.0000000)  (-0.4957945, 0.0208101)
(-0.4957945,-0.0208101)  ( 0.5612758, 0.0000000)
 2
( 0.6852739, 0.0000000)  (-0.0723820,-0.4587313)
(-0.0723820, 0.4587313)  ( 0.3147261, 0.0000000)
 3
( 0.9496434, 0.0000000)  (-0.1052027, 0.1917111)
(-0.1052027,-0.1917111)  ( 0.0503566, 0.0000000)
 4
( 0.3192162, 0.0000000)  ( 0.3086321,-0.3493758)
( 0.3086321, 0.3493758)  ( 0.6807838, 0.0000000)
 5
( 0.7614942, 0.0000000)  ( 0.4017523,-0.1421825)
( 0.4017523, 0.1421825)  ( 0.2385058, 0.0000000)

-----------------------------------------------

 Maximum value found with 4-dimensional real spaces:  0.37698627

 Vector (Schmidt coefficients)  0.46293291  0.39432168  0.55996440  0.56271076

 Matrices of measurement operators of Alice (in Schmidt basis)
   dimensionalities of subspaces: 1 2 2 1 2
 1
 0.475042 0.134686-0.157706-0.454275
 0.134686 0.038187-0.044714-0.128798
-0.157706-0.044714 0.052356 0.150812
-0.454275-0.128798 0.150812 0.434416
 2
 0.476150 0.472089 0.089763-0.136036
 0.472089 0.571739-0.120121 0.086929
 0.089763-0.120121 0.438718-0.473031
-0.136036 0.086929-0.473031 0.513393
 3
 0.978821 0.108886-0.094168 0.002637
 0.108886 0.024695 0.000969-0.110583
-0.094168 0.000969 0.019469-0.101099
 0.002637-0.110583-0.101099 0.977015
 4
 0.239215 0.011811-0.217240 0.366958
 0.011811 0.000583-0.010726 0.018118
-0.217240-0.010726 0.197284-0.333249
 0.366958 0.018118-0.333249 0.562918
 5
 0.792807-0.400481-0.035622 0.051089
-0.400481 0.206042 0.050264 0.026023
-0.035622 0.050264 0.279905 0.444705
 0.051089 0.026023 0.444705 0.721246

 Matrices of measurement operators of Bob (in Schmidt basis)
   dimensionalities of subspaces: 2 1 2 3 2
 1
 0.477023-0.472419 0.105480 0.123153
-0.472419 0.570287 0.130433 0.069767
 0.105480 0.130433 0.562000 0.466923
 0.123153 0.069767 0.466923 0.390690
 2
 0.470993-0.133431-0.096002 0.471316
-0.133431 0.037800 0.027197-0.133522
-0.096002 0.027197 0.019568-0.096068
 0.471316-0.133522-0.096068 0.471639
 3
 0.979265-0.106505-0.094130 0.010046
-0.106505 0.024176-0.015587-0.109568
-0.094130-0.015587 0.062011 0.221500
 0.010046-0.109568 0.221500 0.934548
 4
 0.757290 0.011995 0.265175 0.336660
 0.011995 0.999407-0.013106-0.016639
 0.265175-0.013106 0.710281-0.367821
 0.336660-0.016639-0.367821 0.533022
 5
 0.791499 0.401529-0.040998-0.046064
 0.401529 0.207555-0.046433 0.033080
-0.040998-0.046433 0.172435-0.372645
-0.046064 0.033080-0.372645 0.828511

-----------------------------------------------

 Best value,          real 4-dimensional component spaces:  0.37698627

-----------------------------------------------

 Upper limits (value, difference)

 Level 1 +ab            :    0.410374    0.033388
 Level 2                :    0.393175    0.016189
 Level 2 +aab           :    0.379657    0.002671
 Level 2 +  85%(aab+abb):    0.377592    0.000605
 Level 2 +aab+abb       :    0.377242    0.000256
    
 Limit has not been reached
