 M_A= 5   M_B= 5
 Bell coefficients, M_A lines, M_B columns:
       |  0 -1  0 -1 -1
   --------------------
     0 | -1 -1  0 -1  1
     0 | -1 -1 -1  1  0
    -1 |  1  1 -1  1  1
     0 | -1  1  0  0  0
    -1 |  0  0  1  1  0

 Classical limit=  0.

-----------------------------------------------

 Limit with real qubits without degenerate measurements:  0.31494301

 Vector (Schmidt coefficients)  0.73080762  0.68258349

 Matrices of measurement operators of Alice (in Schmidt basis)
   dimensionalities of subspaces: 1 1 1 1 1
 1
 0.9999815-0.0043063
-0.0043063 0.0000185
 2
 0.9091062 0.2874580
 0.2874580 0.0908938
 3
 0.2619431 0.4396918
 0.4396918 0.7380569
 4
 0.5639246 0.4958968
 0.4958968 0.4360754
 5
 0.0008649-0.0293973
-0.0293973 0.9991351

 Matrices of measurement operators of Bob (in Schmidt basis)
   dimensionalities of subspaces: 1 1 1 1 1
 1
 0.0166426-0.1279281
-0.1279281 0.9833574
 2
 0.0647413 0.2460688
 0.2460688 0.9352587
 3
 0.1588937-0.3655769
-0.3655769 0.8411063
 4
 0.1182509 0.3229049
 0.3229049 0.8817491
 5
 0.7581902 0.4281797
 0.4281797 0.2418098

-----------------------------------------------

 Limit with real qubits allowing degenerate measurements:  0.45457311

 Vector (Schmidt coefficients)  0.71425946  0.69988101

 Matrices of measurement operators of Alice (in Schmidt basis)
   dimensionalities of subspaces: 1 0 1 1 1
 1
 0.2877240 0.4527018
 0.4527018 0.7122760
 2
 0.0000000 0.0000000
 0.0000000 0.0000000
 3
 0.2483100-0.4320325
-0.4320325 0.7516900
 4
 0.9992169-0.0279725
-0.0279725 0.0007831
 5
 0.9455052-0.2269915
-0.2269915 0.0544948

 Matrices of measurement operators of Bob (in Schmidt basis)
   dimensionalities of subspaces: 1 1 1 1 1
 1
 0.2302694-0.4210052
-0.4210052 0.7697306
 2
 0.7209987-0.4485082
-0.4485082 0.2790013
 3
 0.9796935 0.1410468
 0.1410468 0.0203065
 4
 0.6677782-0.4710100
-0.4710100 0.3322218
 5
 0.0004952 0.0222486
 0.0222486 0.9995048


-----------------------------------------------

 Maximum value found with 4-dimensional real spaces:  0.46442553

 Vector (Schmidt coefficients)  0.52376285  0.49126282  0.43436817  0.54374407

 Matrices of measurement operators of Alice (in Schmidt basis)
   dimensionalities of subspaces: 2 1 2 2 2
 1
 0.381407 0.000004-0.000001 0.485732
 0.000004 0.022573-0.148537 0.000005
-0.000001-0.148537 0.977427 0.000002
 0.485732 0.000005 0.000002 0.618593
 2
 0.980460 0.000003 0.000006 0.138414
 0.000003 0.000000 0.000000 0.000000
 0.000006 0.000000 0.000000 0.000001
 0.138414 0.000000 0.000001 0.019540
 3
 0.977566 0.000003 0.000007 0.148091
 0.000003 0.902471-0.296677-0.000003
 0.000007-0.296677 0.097529 0.000002
 0.148091-0.000003 0.000002 0.022434
 4
 0.314978-0.376402 0.151806-0.225927
-0.376402 0.502655 0.034870 0.327259
 0.151806 0.034870 0.958247 0.125492
-0.225927 0.327259 0.125492 0.224120
 5
 0.539689-0.000005 0.000000-0.498422
-0.000005 0.773307 0.418692-0.000003
 0.000000 0.418692 0.226693-0.000004
-0.498422-0.000003-0.000004 0.460311

 Matrices of measurement operators of Bob (in Schmidt basis)
   dimensionalities of subspaces: 1 1 2 2 2
 1
 0.100156 0.288557-0.024833-0.079010
 0.288557 0.831358-0.071547-0.227635
-0.024833-0.071547 0.006157 0.019590
-0.079010-0.227635 0.019590 0.062329
 2
 0.100158-0.288561 0.024834-0.079008
-0.288561 0.831360-0.071548 0.227627
 0.024834-0.071548 0.006158-0.019590
-0.079008 0.227627-0.019590 0.062325
 3
 0.123132-0.000005-0.000004-0.328589
-0.000005 0.410506 0.491926 0.000000
-0.000004 0.491926 0.589494-0.000004
-0.328589 0.000000-0.000004 0.876868
 4
 0.924090-0.000002 0.000004-0.264854
-0.000002 0.985536 0.119393-0.000004
 0.000004 0.119393 0.014464-0.000002
-0.264854-0.000004-0.000002 0.075910
 5
 0.746536 0.000006 0.000004 0.434994
 0.000006 0.416376-0.492957 0.000002
 0.000004-0.492957 0.583624 0.000004
 0.434994 0.000002 0.000004 0.253464

-----------------------------------------------

 Maximum value found with 20-dimensional real spaces:  0.47088384

 Vector (Schmidt coefficients)
 0.266747957605 0.067426834475 0.232286894315 0.028414698875 0.434240633795 0.366186665014
 0.032570982277 0.038257157948 0.144877838313 0.077289540365 0.067455123227 0.110936677796
 0.127165021076 0.449895283694 0.234370060360 0.126387189591 0.405874050925 0.058847372266
 0.204307727139 0.033375279029

 Matrices of measurement operators of Alice (in Schmidt basis)
   dimensionalities of subspaces: 10  1 10  9 10
 1
  0.0276834073 -0.0000000014 -0.0000014935  0.0000000001  0.0000000000  0.0026700385  0.0000000000  0.0000000000  0.0000000000 -0.0000684787 -0.0000231311 -0.0000000302  0.0000000000  0.0000000001 -0.1640419632 -0.0000032835  0.0003691223  0.0000000000  0.0000000697 -0.0000000006
 -0.0000000014  0.0282590545 -0.0000681566  0.0000000000 -0.0000001350  0.0000000000 -0.0000000001 -0.0000000007 -0.0000000342 -0.0000100190  0.0000570633  0.0000000000 -0.0000001139 -0.0000001959  0.0000000048  0.0000000000  0.0000000000 -0.1657114903 -0.0004174721  0.0000000000
 -0.0000014935 -0.0000681566  0.0274497808  0.0000000000  0.0001396270  0.0000000043  0.0000000002 -0.0000000003  0.0000055136  0.0000000039  0.0000000048  0.0000000000 -0.0000002457 -0.0000575523  0.0000086717  0.0000000001  0.0000000002 -0.0000232396  0.1633899085  0.0000000000
  0.0000000001  0.0000000000  0.0000000000  0.9701826923  0.0000000000  0.0000000212 -0.0000142848  0.0000015877 -0.0000000001  0.0000000000  0.0000000002 -0.0000605230 -0.0000000007  0.0000000000  0.0000000001 -0.0000187074  0.0000000036  0.0000000000  0.0000000000  0.1700830141
  0.0000000000 -0.0000001350  0.0001396270  0.0000000000  0.3335323699  0.0000000004 -0.0000000081  0.0000000607  0.0001946929  0.0000000000  0.0000000000  0.0000000000 -0.0000332022 -0.4714746284 -0.0000000014  0.0000000003 -0.0000000001  0.0000000627  0.0003800026  0.0000000000
  0.0026700385  0.0000000000  0.0000000043  0.0000000212  0.0000000004  0.9819727791  0.0000000000  0.0000000000 -0.0000000069  0.0000001072  0.0000000416  0.0000726293  0.0000000014  0.0000000002  0.0004564992 -0.0004437393  0.1330214289  0.0000000000 -0.0000000002 -0.0000001446
  0.0000000000 -0.0000000001  0.0000000002 -0.0000142848 -0.0000000081  0.0000000000  0.9701826857  0.1700830146 -0.0000187067  0.0000000000  0.0000000000 -0.0000000292 -0.0000605223  0.0000000132  0.0000000000 -0.0000000049  0.0000000000 -0.0000000007  0.0000000009  0.0000773908
  0.0000000000 -0.0000000007 -0.0000000003  0.0000015877  0.0000000607  0.0000000000  0.1700830146  0.0298174401  0.0000581799  0.0000000000  0.0000000000  0.0000000008  0.0003534221 -0.0000000858  0.0000000000  0.0000000003  0.0000000000  0.0000000039 -0.0000000036  0.0000142848
  0.0000000000 -0.0000000342  0.0000055136 -0.0000000001  0.0001946929 -0.0000000069 -0.0000187067  0.0000581799  0.0277135464  0.0000000000  0.0000000000 -0.0000000033  0.1641505017 -0.0002753025  0.0000000000  0.0000000956 -0.0000000009 -0.0000000005  0.0000318668 -0.0000000015
 -0.0000684787 -0.0000100190  0.0000000039  0.0000000000  0.0000000000  0.0000001072  0.0000000000  0.0000000000  0.0000000000  0.0282590883 -0.1657115964  0.0000003806  0.0000000000  0.0000000000  0.0004174616  0.0000000710 -0.0000000145 -0.0000000200  0.0000000004  0.0000000003
 -0.0000231311  0.0000570633  0.0000000048  0.0000000002  0.0000000000  0.0000000416  0.0000000000  0.0000000000  0.0000000000 -0.1657115964  0.9717410923  0.0000000665  0.0000000000  0.0000000000  0.0000692577  0.0000000026  0.0000000619  0.0000100190  0.0000000253 -0.0000000010
 -0.0000000302  0.0000000000  0.0000000000 -0.0000605230  0.0000000000  0.0000726293 -0.0000000292  0.0000000008 -0.0000000033  0.0000003806  0.0000000665  0.9722894861 -0.0000000956  0.0000000001 -0.0000020438  0.1641417277  0.0000265359  0.0000000000  0.0000000000  0.0003534269
  0.0000000000 -0.0000001139 -0.0000002457 -0.0000000007 -0.0000332022  0.0000000014 -0.0000605223  0.0003534221  0.1641505017  0.0000000000  0.0000000000 -0.0000000956  0.9722864395  0.0000462442  0.0000000000  0.0000005534  0.0000000005 -0.0000000203 -0.0000054950 -0.0000000045
  0.0000000001 -0.0000001959 -0.0000575523  0.0000000000 -0.4714746284  0.0000000002  0.0000000132 -0.0000000858 -0.0002753025  0.0000000000  0.0000000000  0.0000000001  0.0000462442  0.6664677339  0.0000000005 -0.0000000004  0.0000000003  0.0000000253  0.0002950999  0.0000000000
 -0.1640419632  0.0000000048  0.0000086717  0.0000000001 -0.0000000014  0.0004564992  0.0000000000  0.0000000000  0.0000000000  0.0004174616  0.0000692577 -0.0000020438  0.0000000000  0.0000000005  0.9723238786  0.0000115257  0.0000178013  0.0000000002 -0.0000014874  0.0000000000
 -0.0000032835  0.0000000000  0.0000000001 -0.0000187074  0.0000000003 -0.0004437393 -0.0000000049  0.0000000003  0.0000000956  0.0000000710  0.0000000026  0.1641417277  0.0000005534 -0.0000000004  0.0000115257  0.0277105875 -0.0000572922  0.0000000000  0.0000000000  0.0000581772
  0.0003691223  0.0000000000  0.0000000002  0.0000000036 -0.0000000001  0.1330214289  0.0000000000  0.0000000000 -0.0000000009 -0.0000000145  0.0000000619  0.0000265359  0.0000000005  0.0000000003  0.0000178013 -0.0000572922  0.0180195451  0.0000000000  0.0000000000 -0.0000000132
  0.0000000000 -0.1657114903 -0.0000232396  0.0000000000  0.0000000627  0.0000000000 -0.0000000007  0.0000000039 -0.0000000005 -0.0000000200  0.0000100190  0.0000000000 -0.0000000203  0.0000000253  0.0000000002  0.0000000000  0.0000000000  0.9717411330 -0.0000692401  0.0000000000
  0.0000000697 -0.0004174721  0.1633899085  0.0000000000  0.0003800026 -0.0000000002  0.0000000009 -0.0000000036  0.0000318668  0.0000000004  0.0000000253  0.0000000000 -0.0000054950  0.0002950999 -0.0000014874  0.0000000000  0.0000000000 -0.0000692401  0.9725498135  0.0000000000
 -0.0000000006  0.0000000000  0.0000000000  0.1700830141  0.0000000000 -0.0000001446  0.0000773908  0.0000142848 -0.0000000015  0.0000000003 -0.0000000010  0.0003534269 -0.0000000045  0.0000000000  0.0000000000  0.0000581772 -0.0000000132  0.0000000000  0.0000000000  0.0298174463
 2
  0.0000000000  0.0000000000  0.0000000000  0.0000000000 -0.0000000003  0.0000000000  0.0000000000  0.0000000000  0.0000000000  0.0000000000  0.0000000000  0.0000000000  0.0000000000  0.0000000000  0.0000000000  0.0000000000  0.0000000000  0.0000000000  0.0000000000  0.0000000000
  0.0000000000  0.0000000000 -0.0000000023  0.0000000000 -0.0000007339  0.0000000000  0.0000000000  0.0000000000 -0.0000000002  0.0000000000  0.0000000000  0.0000000000  0.0000000000  0.0000001145  0.0000000000  0.0000000000  0.0000000000  0.0000000000 -0.0000000002  0.0000000000
  0.0000000000 -0.0000000023  0.0000099817  0.0000000000  0.0031216351  0.0000000000  0.0000000000  0.0000000004  0.0000010496  0.0000000000  0.0000000000  0.0000000000  0.0000000891 -0.0004868281 -0.0000000001  0.0000000000  0.0000000000  0.0000000001  0.0000007456  0.0000000000
  0.0000000000  0.0000000000  0.0000000000  0.0000000000  0.0000000000  0.0000000000  0.0000000000  0.0000000000  0.0000000000  0.0000000000  0.0000000000  0.0000000000  0.0000000000  0.0000000000  0.0000000000  0.0000000000  0.0000000000  0.0000000000  0.0000000000  0.0000000000
 -0.0000000003 -0.0000007339  0.0031216351  0.0000000000  0.9762462616  0.0000000010  0.0000000044  0.0000001153  0.0003282608  0.0000000000  0.0000000000  0.0000000000  0.0000278766 -0.1522484507 -0.0000000287  0.0000000005  0.0000000001  0.0000000436  0.0002331904  0.0000000000
  0.0000000000  0.0000000000  0.0000000000  0.0000000000  0.0000000010  0.0000000000  0.0000000000  0.0000000000  0.0000000000  0.0000000000  0.0000000000  0.0000000000  0.0000000000 -0.0000000002  0.0000000000  0.0000000000  0.0000000000  0.0000000000  0.0000000000  0.0000000000
  0.0000000000  0.0000000000  0.0000000000  0.0000000000  0.0000000044  0.0000000000  0.0000000000  0.0000000000  0.0000000000  0.0000000000  0.0000000000  0.0000000000  0.0000000000 -0.0000000007  0.0000000000  0.0000000000  0.0000000000  0.0000000000  0.0000000000  0.0000000000
  0.0000000000  0.0000000000  0.0000000004  0.0000000000  0.0000001153  0.0000000000  0.0000000000  0.0000000000  0.0000000000  0.0000000000  0.0000000000  0.0000000000  0.0000000000 -0.0000000180  0.0000000000  0.0000000000  0.0000000000  0.0000000000  0.0000000000  0.0000000000
  0.0000000000 -0.0000000002  0.0000010496  0.0000000000  0.0003282608  0.0000000000  0.0000000000  0.0000000000  0.0000001104  0.0000000000  0.0000000000  0.0000000000  0.0000000094 -0.0000511932  0.0000000000  0.0000000000  0.0000000000  0.0000000000  0.0000000784  0.0000000000
  0.0000000000  0.0000000000  0.0000000000  0.0000000000  0.0000000000  0.0000000000  0.0000000000  0.0000000000  0.0000000000  0.0000000000  0.0000000000  0.0000000000  0.0000000000  0.0000000000  0.0000000000  0.0000000000  0.0000000000  0.0000000000  0.0000000000  0.0000000000
  0.0000000000  0.0000000000  0.0000000000  0.0000000000  0.0000000000  0.0000000000  0.0000000000  0.0000000000  0.0000000000  0.0000000000  0.0000000000  0.0000000000  0.0000000000  0.0000000000  0.0000000000  0.0000000000  0.0000000000  0.0000000000  0.0000000000  0.0000000000
  0.0000000000  0.0000000000  0.0000000000  0.0000000000  0.0000000000  0.0000000000  0.0000000000  0.0000000000  0.0000000000  0.0000000000  0.0000000000  0.0000000000  0.0000000000  0.0000000000  0.0000000000  0.0000000000  0.0000000000  0.0000000000  0.0000000000  0.0000000000
  0.0000000000  0.0000000000  0.0000000891  0.0000000000  0.0000278766  0.0000000000  0.0000000000  0.0000000000  0.0000000094  0.0000000000  0.0000000000  0.0000000000  0.0000000008 -0.0000043474  0.0000000000  0.0000000000  0.0000000000  0.0000000000  0.0000000067  0.0000000000
  0.0000000000  0.0000001145 -0.0004868281  0.0000000000 -0.1522484507 -0.0000000002 -0.0000000007 -0.0000000180 -0.0000511932  0.0000000000  0.0000000000  0.0000000000 -0.0000043474  0.0237435898  0.0000000045 -0.0000000001  0.0000000000 -0.0000000068 -0.0000363667  0.0000000000
  0.0000000000  0.0000000000 -0.0000000001  0.0000000000 -0.0000000287  0.0000000000  0.0000000000  0.0000000000  0.0000000000  0.0000000000  0.0000000000  0.0000000000  0.0000000000  0.0000000045  0.0000000000  0.0000000000  0.0000000000  0.0000000000  0.0000000000  0.0000000000
  0.0000000000  0.0000000000  0.0000000000  0.0000000000  0.0000000005  0.0000000000  0.0000000000  0.0000000000  0.0000000000  0.0000000000  0.0000000000  0.0000000000  0.0000000000 -0.0000000001  0.0000000000  0.0000000000  0.0000000000  0.0000000000  0.0000000000  0.0000000000
  0.0000000000  0.0000000000  0.0000000000  0.0000000000  0.0000000001  0.0000000000  0.0000000000  0.0000000000  0.0000000000  0.0000000000  0.0000000000  0.0000000000  0.0000000000  0.0000000000  0.0000000000  0.0000000000  0.0000000000  0.0000000000  0.0000000000  0.0000000000
  0.0000000000  0.0000000000  0.0000000001  0.0000000000  0.0000000436  0.0000000000  0.0000000000  0.0000000000  0.0000000000  0.0000000000  0.0000000000  0.0000000000  0.0000000000 -0.0000000068  0.0000000000  0.0000000000  0.0000000000  0.0000000000  0.0000000000  0.0000000000
  0.0000000000 -0.0000000002  0.0000007456  0.0000000000  0.0002331904  0.0000000000  0.0000000000  0.0000000000  0.0000000784  0.0000000000  0.0000000000  0.0000000000  0.0000000067 -0.0000363667  0.0000000000  0.0000000000  0.0000000000  0.0000000000  0.0000000557  0.0000000000
  0.0000000000  0.0000000000  0.0000000000  0.0000000000  0.0000000000  0.0000000000  0.0000000000  0.0000000000  0.0000000000  0.0000000000  0.0000000000  0.0000000000  0.0000000000  0.0000000000  0.0000000000  0.0000000000  0.0000000000  0.0000000000  0.0000000000  0.0000000000
 3
  0.9308366089  0.0000000009 -0.0000022981 -0.0000000002  0.0000000001  0.0004455273  0.0000000000  0.0000000000  0.0000000000 -0.0000535961  0.0000151358 -0.0000010734  0.0000000000  0.0000000001 -0.2537313026  0.0000006509 -0.0002023104  0.0000000000 -0.0000000142 -0.0000000002
  0.0000000009  0.9328074921 -0.0000542720  0.0000000000  0.0000000563  0.0000000000 -0.0000000002  0.0000000003  0.0000000052 -0.0000151341 -0.0000523332  0.0000000000 -0.0000000121  0.0000003622  0.0000000037  0.0000000000  0.0000000000 -0.2503550073  0.0001979345  0.0000000000
 -0.0000022981 -0.0000542720  0.9296183641  0.0000000000 -0.0003432630 -0.0000000015  0.0000000004  0.0000000000 -0.0000020449 -0.0000000017  0.0000000037  0.0000000000  0.0000013567 -0.0012669098 -0.0000078075  0.0000000000 -0.0000000008  0.0000152694  0.2557857210  0.0000000000
 -0.0000000002  0.0000000000  0.0000000000  0.0582843934  0.0000000000  0.0000000190 -0.0000199217 -0.0000005756  0.0000000000  0.0000000001 -0.0000000001 -0.0000409140  0.0000000000  0.0000000000  0.0000000001  0.0000120971 -0.0000000091  0.0000000000  0.0000000000  0.2342804318
  0.0000000001  0.0000000563 -0.0003432630  0.0000000000  0.9548119984 -0.0000000004  0.0000000224  0.0000000116  0.0000094064  0.0000000000  0.0000000000  0.0000000001  0.0000506433 -0.2077159132  0.0000000034  0.0000000000  0.0000000001  0.0000000984  0.0001580808  0.0000000000
  0.0004455273  0.0000000000 -0.0000000015  0.0000000190 -0.0000000004  0.1147893208  0.0000000000  0.0000000000  0.0000000034 -0.0000002117  0.0000000900  0.0000600180  0.0000000008  0.0000000001 -0.0001740511  0.0002203512  0.3187670806  0.0000000000  0.0000000000  0.0000000786
  0.0000000000 -0.0000000002  0.0000000004 -0.0000199217  0.0000000224  0.0000000000  0.0582843977  0.2342804280  0.0000120952  0.0000000000  0.0000000000  0.0000000138 -0.0000409128  0.0000000050  0.0000000000 -0.0000000038  0.0000000000  0.0000000003  0.0000000004 -0.0000745457
  0.0000000000  0.0000000003  0.0000000000 -0.0000005756  0.0000000116  0.0000000000  0.2342804280  0.9417155773  0.0000449061  0.0000000000  0.0000000000 -0.0000000007 -0.0001654661  0.0000000369  0.0000000000  0.0000000001  0.0000000000  0.0000000010  0.0000000010  0.0000199217
  0.0000000000  0.0000000052 -0.0000020449  0.0000000000  0.0000094064  0.0000000034  0.0000120952  0.0000449061  0.9307364925  0.0000000000  0.0000000000  0.0000000005  0.2539016766  0.0001020138  0.0000000000  0.0000001472 -0.0000000012  0.0000000111  0.0000060494  0.0000000011
 -0.0000535961 -0.0000151341 -0.0000000017  0.0000000001  0.0000000000 -0.0000002117  0.0000000000  0.0000000000  0.0000000000  0.9328077147 -0.2503546285  0.0000000761  0.0000000000  0.0000000000 -0.0001973640 -0.0000000263  0.0000000694  0.0000000063 -0.0000000002  0.0000000000
  0.0000151358 -0.0000523332  0.0000000037 -0.0000000001  0.0000000000  0.0000000900  0.0000000000  0.0000000000  0.0000000000 -0.2503546285  0.0671922436 -0.0000000265  0.0000000000  0.0000000000  0.0000527654 -0.0000000152  0.0000000723  0.0000151341 -0.0000000119 -0.0000000001
 -0.0000010734  0.0000000000  0.0000000000 -0.0000409140  0.0000000001  0.0000600180  0.0000000138 -0.0000000007  0.0000000005  0.0000000761 -0.0000000265  0.0692801872 -0.0000001472  0.0000000000  0.0000007737  0.2539299307 -0.0000219052  0.0000000000  0.0000000000 -0.0001654711
  0.0000000000 -0.0000000121  0.0000013567  0.0000000000  0.0000506433  0.0000000008 -0.0000409128 -0.0001654661  0.2539016766  0.0000000000  0.0000000000 -0.0000001472  0.0692635299  0.0000173672  0.0000000000 -0.0000004999 -0.0000000003  0.0000000066  0.0000021897 -0.0000000038
  0.0000000001  0.0000003622 -0.0012669098  0.0000000000 -0.2077159132  0.0000000001  0.0000000050  0.0000000369  0.0001020138  0.0000000000  0.0000000000  0.0000000000  0.0000173672  0.0451897970  0.0000000114  0.0000000002 -0.0000000001 -0.0000001229 -0.0004035282  0.0000000000
 -0.2537313026  0.0000000037 -0.0000078075  0.0000000001  0.0000000034 -0.0001740511  0.0000000000  0.0000000000  0.0000000000 -0.0001973640  0.0000527654  0.0000007737  0.0000000000  0.0000000114  0.0691632029  0.0000015859 -0.0000909447 -0.0000000001 -0.0000023168  0.0000000000
  0.0000006509  0.0000000000  0.0000000000  0.0000120971  0.0000000000  0.0002203512 -0.0000000038  0.0000000001  0.0000001472 -0.0000000263 -0.0000000152  0.2539299307 -0.0000004999  0.0000000002  0.0000015859  0.9307197851 -0.0000792691  0.0000000000  0.0000000000  0.0000449133
 -0.0002023104  0.0000000000 -0.0000000008 -0.0000000091  0.0000000001  0.3187670806  0.0000000000  0.0000000000 -0.0000000012  0.0000000694  0.0000000723 -0.0000219052 -0.0000000003 -0.0000000001 -0.0000909447 -0.0000792691  0.8852109712  0.0000000000  0.0000000000 -0.0000000278
  0.0000000000 -0.2503550073  0.0000152694  0.0000000000  0.0000000984  0.0000000000  0.0000000003  0.0000000010  0.0000000111  0.0000000063  0.0000151341  0.0000000000  0.0000000066 -0.0000001229 -0.0000000001  0.0000000000  0.0000000000  0.0671924595 -0.0000529298  0.0000000000
 -0.0000000142  0.0001979345  0.2557857210  0.0000000000  0.0001580808  0.0000000000  0.0000000004  0.0000000010  0.0000060494 -0.0000000002 -0.0000000119  0.0000000000  0.0000021897 -0.0004035282 -0.0000023168  0.0000000000  0.0000000000 -0.0000529298  0.0703798945  0.0000000000
 -0.0000000002  0.0000000000  0.0000000000  0.2342804318  0.0000000000  0.0000000786 -0.0000745457  0.0000199217  0.0000000011  0.0000000000 -0.0000000001 -0.0001654711 -0.0000000038  0.0000000000  0.0000000000  0.0000449133 -0.0000000278  0.0000000000  0.0000000000  0.9417155690
 4
  0.5000000001 -0.0000000067 -0.0009138571  0.0000000000 -0.3051283315  0.0000000408  0.0000001070  0.0000014120  0.0241232749  0.0000000000  0.0000000000  0.0000000009  0.0011272701  0.3953639082  0.0000000079  0.0000000197 -0.0000000041 -0.0000000106 -0.0002077721  0.0000000000
 -0.0000000067  0.5000000000  0.0000000000  0.0006934143  0.0000000000 -0.0000290145 -0.0000027943 -0.0000302235  0.0000000645 -0.0000000951  0.0000001028 -0.4989108145 -0.0000013640  0.0000000000  0.0000015838  0.0240948608 -0.0000003637  0.0000000000  0.0000000000  0.0225156438
 -0.0009138571  0.0000000000  0.5000000128 -0.0000001085  0.0000001089 -0.4968985292  0.0000000001 -0.0000000002  0.0000045540  0.0000002132 -0.0000000210 -0.0011712677  0.0000002349 -0.0000001415  0.0007085874 -0.0248487500  0.0497160155  0.0000000000  0.0000000003 -0.0000013842
  0.0000000000  0.0006934143 -0.0000001085  0.0004934299 -0.0000000003 -0.0000000032 -0.0000013036 -0.0000004773  0.0000000000  0.0000000200  0.0000004130  0.0000142990 -0.0000000008  0.0000000002  0.0000000000  0.0000006958  0.0000000003  0.0156918483  0.0000005567  0.0156994027
 -0.3051283315  0.0000000000  0.0000001089 -0.0000000003  0.5000000001 -0.0388282351  0.0000000020 -0.0000000001 -0.0000000004 -0.0000242362 -0.0000005411  0.0000005836  0.0000000001  0.0000000001  0.0147568803 -0.0000416658 -0.3939178869  0.0000000000  0.0000000120 -0.0000000076
  0.0000000408 -0.0000290145 -0.4968985292 -0.0000000032 -0.0388282351  0.5000000000  0.0000000009 -0.0000000295  0.0006603306  0.0000000005  0.0000000017  0.0000000000  0.0000315746 -0.0311682348  0.0000045371 -0.0000000001  0.0000000003 -0.0000013757 -0.0247451632  0.0000000001
  0.0000001070 -0.0000027943  0.0000000001 -0.0000013036  0.0000000020  0.0000000009  0.0004934331  0.0156994017  0.0000006959 -0.0006934100 -0.0156918472 -0.0000000068  0.0000142992 -0.0000000025  0.0000005554  0.0000000003 -0.0000000005 -0.0000409991  0.0000000019 -0.0000409572
  0.0000014120 -0.0000302235 -0.0000000002 -0.0000004773 -0.0000000001 -0.0000000295  0.0156994017  0.4995065706 -0.0000000219 -0.0225155159 -0.4992457664 -0.0000000983 -0.0000004494  0.0000000001 -0.0000263804  0.0000000027 -0.0000000080 -0.0000007046 -0.0000000001  0.0000013045
  0.0241232749  0.0000000645  0.0000045540  0.0000000000 -0.0000000004  0.0006603306  0.0000006959 -0.0000000219  0.5000000000 -0.0240849830  0.0010599415  0.0000019498  0.0000000000  0.0000000001  0.4988350606  0.0000082844 -0.0000622008 -0.0000000003  0.0000000555 -0.0000000003
  0.0000000000 -0.0000000951  0.0000002132  0.0000000200 -0.0000242362  0.0000000005 -0.0006934100 -0.0225155159 -0.0240849830  0.5000000000  0.0000000000  0.0000000105  0.4989112976  0.0000284196  0.0000000000  0.0000002906  0.0000000000  0.0000000192 -0.0000081286 -0.0000000957
  0.0000000000  0.0000001028 -0.0000000210  0.0000004130 -0.0000005411  0.0000000017 -0.0156918472 -0.4992457664  0.0010599415  0.0000000000  0.5000000000  0.0000301708 -0.0225012508  0.0000008532 -0.0000000001 -0.0000014703  0.0000000000 -0.0000000044  0.0000003636 -0.0000033689
  0.0000000009 -0.4989108145 -0.0011712677  0.0000142990  0.0000005836  0.0000000000 -0.0000000068 -0.0000000983  0.0000019498  0.0000000105  0.0000301708  0.4999999996  0.0000003861  0.0000102749  0.0000000089  0.0000000000  0.0000000000  0.0225013558  0.0240897285 -0.0000004494
  0.0011272701 -0.0000013640  0.0000002349 -0.0000000008  0.0000000001  0.0000315746  0.0000142992 -0.0000004494  0.0000000000  0.4989112976 -0.0225012508  0.0000003861  0.4999999996 -0.0000000001  0.0240819188  0.0000085302 -0.0000048080  0.0000000065 -0.0000002884 -0.0000000141
  0.3953639082  0.0000000000 -0.0000001415  0.0000000002  0.0000000001 -0.0311682348 -0.0000000025  0.0000000001  0.0000000001  0.0000284196  0.0000008532  0.0000102749 -0.0000000001  0.5000000001 -0.0191147573  0.0001720078 -0.3038922783  0.0000000000 -0.0000000156 -0.0000000090
  0.0000000079  0.0000015838  0.0007085874  0.0000000000  0.0147568803  0.0000045371  0.0000005554 -0.0000263804  0.4988350606  0.0000000000 -0.0000000001  0.0000000089  0.0240819188 -0.0191147573  0.4999999871  0.0000001844 -0.0000004542 -0.0000000667  0.0000343506  0.0000000000
  0.0000000197  0.0240948608 -0.0248487500  0.0000006958 -0.0000416658 -0.0000000001  0.0000000003  0.0000000027  0.0000082844  0.0000002906 -0.0000014703  0.0000000000  0.0000085302  0.0001720078  0.0000001844  0.5000000000  0.0000000000 -0.0010604371  0.4987993798 -0.0000000219
 -0.0000000041 -0.0000003637  0.0497160155  0.0000000003 -0.3939178869  0.0000000003 -0.0000000005 -0.0000000080 -0.0000622008  0.0000000000  0.0000000000  0.0000000000 -0.0000048080 -0.3038922783 -0.0000004542  0.0000000000  0.4999999997  0.0000002772  0.0025486187  0.0000000000
 -0.0000000106  0.0000000000  0.0000000000  0.0156918483  0.0000000000 -0.0000013757 -0.0000409991 -0.0000007046 -0.0000000003  0.0000000192 -0.0000000044  0.0225013558  0.0000000065  0.0000000000 -0.0000000667 -0.0010604371  0.0000002772  0.5000000000  0.0000000000  0.4992457598
 -0.0002077721  0.0000000000  0.0000000003  0.0000005567  0.0000000120 -0.0247451632  0.0000000019 -0.0000000001  0.0000000555 -0.0000081286  0.0000003636  0.0240897285 -0.0000002884 -0.0000000156  0.0000343506  0.4987993798  0.0025486187  0.0000000000  0.5000000000 -0.0000263391
  0.0000000000  0.0225156438 -0.0000013842  0.0156994027 -0.0000000076  0.0000000001 -0.0000409572  0.0000013045 -0.0000000003 -0.0000000957 -0.0000033689 -0.0000004494 -0.0000000141 -0.0000000090  0.0000000000 -0.0000000219  0.0000000000  0.4992457598 -0.0000263391  0.4995065672
 5
  0.7381245086  0.0000000000  0.0000039663  0.0000000000  0.0000000000 -0.0010456821  0.0000000000  0.0000000000  0.0000000000  0.0000213186  0.0000007509 -0.0000015926  0.0000000000  0.0000000000  0.4396539730  0.0000004864 -0.0000920999  0.0000000000 -0.0000000654 -0.0000000001
  0.0000000000  0.7351452960  0.0000213415  0.0000000000 -0.0000000057  0.0000000000 -0.0000000009  0.0000000001  0.0000000051  0.0000266683 -0.0000284376  0.0000000000  0.0000000193 -0.0000000102 -0.0000000015  0.0000000000  0.0000000000  0.4412558070  0.0000238016  0.0000000000
  0.0000039663  0.0000213415  0.7397858455  0.0000000000  0.0001622454 -0.0000000020  0.0000000000  0.0000000004 -0.0000017527 -0.0000000002 -0.0000000015  0.0000000000  0.0000096810 -0.0000009611 -0.0000043767  0.0000000000 -0.0000000077  0.0000006963 -0.4387513206  0.0000000000
  0.0000000000  0.0000000000  0.0000000000  0.2778010873  0.0000000000 -0.0000000006  0.0000385774 -0.0000012446  0.0000000000  0.0000000001  0.0000000000  0.0000151273  0.0000000001  0.0000000000  0.0000000000  0.0000006539  0.0000000000  0.0000000000  0.0000000000 -0.4479147703
  0.0000000000 -0.0000000057  0.0001622454  0.0000000000  0.5804668333 -0.0000000004  0.0000000003 -0.0000000006 -0.0000232291  0.0000000000  0.0000000000  0.0000000000  0.0000071444  0.4934825712 -0.0000000014  0.0000000000  0.0000000001  0.0000000013  0.0001173452  0.0000000000
 -0.0010456821  0.0000000000 -0.0000000020 -0.0000000006 -0.0000000004  0.2063470914  0.0000000000  0.0000000000  0.0000000006 -0.0000000112 -0.0000000066 -0.0000255985 -0.0000000005  0.0000000000 -0.0002168437  0.0000301069 -0.4046811427  0.0000000000  0.0000000001 -0.0000000001
  0.0000000000 -0.0000000009  0.0000000000  0.0000385774  0.0000000003  0.0000000000  0.2778010932 -0.4479147717  0.0000006542  0.0000000000  0.0000000000  0.0000000014  0.0000151266 -0.0000000006  0.0000000000  0.0000000012  0.0000000000  0.0000000001  0.0000000000 -0.0000370299
  0.0000000000  0.0000000001  0.0000000004 -0.0000012446 -0.0000000006  0.0000000000 -0.4479147717  0.7221989093 -0.0000148229  0.0000000000  0.0000000000  0.0000000000 -0.0000161902  0.0000000002  0.0000000000 -0.0000000001  0.0000000000 -0.0000000010  0.0000000001 -0.0000385774
  0.0000000000  0.0000000051 -0.0000017527  0.0000000000 -0.0000232291  0.0000000006  0.0000006542 -0.0000148229  0.7381981181  0.0000000000  0.0000000000  0.0000000035 -0.4396153491  0.0000213680  0.0000000000 -0.0000002542  0.0000000005  0.0000000145 -0.0000116181  0.0000000000
  0.0000213186  0.0000266683 -0.0000000002  0.0000000001  0.0000000000 -0.0000000112  0.0000000000  0.0000000000  0.0000000000  0.7351449958  0.4412559679 -0.0000001325  0.0000000000  0.0000000000 -0.0000237023 -0.0000000189 -0.0000000480  0.0000000145  0.0000000000  0.0000000000
  0.0000007509 -0.0000284376 -0.0000000015  0.0000000000  0.0000000000 -0.0000000066  0.0000000000  0.0000000000  0.0000000000  0.4412559679  0.2648550048 -0.0000000197  0.0000000000  0.0000000000 -0.0000214014 -0.0000001118  0.0000000059 -0.0000266683 -0.0000000015  0.0000000001
 -0.0000015926  0.0000000000  0.0000000000  0.0000151273  0.0000000000 -0.0000255985  0.0000000014  0.0000000000  0.0000000035 -0.0000001325 -0.0000000197  0.2617790830  0.0000002542  0.0000000000  0.0000004253 -0.4396029954  0.0000009432  0.0000000000  0.0000000000 -0.0000161913
  0.0000000000  0.0000000193  0.0000096810  0.0000000001  0.0000071444 -0.0000000005  0.0000151266 -0.0000161902 -0.4396153491  0.0000000000  0.0000000000  0.0000002542  0.2618018811 -0.0000184136 -0.0000000001 -0.0000002791  0.0000000000  0.0000000046  0.0000017939  0.0000000013
  0.0000000000 -0.0000000102 -0.0000009611  0.0000000000  0.4934825712  0.0000000000 -0.0000000006  0.0000000002  0.0000213680  0.0000000000  0.0000000000  0.0000000000 -0.0000184136  0.4195331249  0.0000000000  0.0000000000 -0.0000000004  0.0000000002  0.0001821349  0.0000000000
  0.4396539730 -0.0000000015 -0.0000043767  0.0000000000 -0.0000000014 -0.0002168437  0.0000000000  0.0000000000  0.0000000000 -0.0000237023 -0.0000214014  0.0000004253 -0.0000000001  0.0000000000  0.2618747986 -0.0000020428 -0.0008511036  0.0000000000  0.0000039579  0.0000000000
  0.0000004864  0.0000000000  0.0000000000  0.0000006539  0.0000000000  0.0000301069  0.0000000012 -0.0000000001 -0.0000002542 -0.0000000189 -0.0000001118 -0.4396029954 -0.0000002791  0.0000000000 -0.0000020428  0.7382209159  0.0000236834  0.0000000000  0.0000000000 -0.0000148232
 -0.0000920999  0.0000000000 -0.0000000077  0.0000000000  0.0000000001 -0.4046811427  0.0000000000  0.0000000000  0.0000000005 -0.0000000480  0.0000000059  0.0000009432  0.0000000000 -0.0000000004 -0.0008511036  0.0000236834  0.7936536043  0.0000000000  0.0000000001  0.0000000006
  0.0000000000  0.4412558070  0.0000006963  0.0000000000  0.0000000013  0.0000000000  0.0000000001 -0.0000000010  0.0000000145  0.0000000145 -0.0000266683  0.0000000000  0.0000000046  0.0000000002  0.0000000000  0.0000000000  0.0000000000  0.2648547010  0.0000214707  0.0000000000
 -0.0000000654  0.0000238016 -0.4387513206  0.0000000000  0.0001173452  0.0000000001  0.0000000000  0.0000000001 -0.0000116181  0.0000000000 -0.0000000015  0.0000000000  0.0000017939  0.0001821349  0.0000039579  0.0000000000  0.0000000001  0.0000214707  0.2602141987  0.0000000000
 -0.0000000001  0.0000000000  0.0000000000 -0.4479147703  0.0000000000 -0.0000000001 -0.0000370299 -0.0000385774  0.0000000000  0.0000000000  0.0000000001 -0.0000161913  0.0000000013  0.0000000000  0.0000000000 -0.0000148232  0.0000000006  0.0000000000  0.0000000000  0.7221989090

 Matrices of measurement operators of Bob (in Schmidt basis)
   dimensionalities of subspaces:  9  9 10 10 10
 1
  0.9649776585 -0.0000000028  0.0003144234  0.0000000005  0.1131856350 -0.0014619181 -0.0000001910 -0.0000026622 -0.0094533820 -0.0000142491  0.0000158544  0.0000007966 -0.0004446505 -0.1361326976 -0.0483773973  0.0000238122 -0.0045255662  0.0000000262  0.0001523155  0.0000000048
 -0.0000000028  0.9636084530 -0.0000172560 -0.0002888876  0.0000017046  0.0000019978  0.0000010843  0.0000104348  0.0000002036 -0.0000027365 -0.0000563296  0.1811486932  0.0000005930  0.0000011933 -0.0000001518 -0.0093471941  0.0000026840 -0.0457668397  0.0004455068 -0.0083722207
  0.0003144234 -0.0000172560  0.9601749652  0.0000001957 -0.0029201526  0.1879039054 -0.0000000012 -0.0000000049 -0.0000595866 -0.0000000505  0.0000000299  0.0004709262 -0.0000020713 -0.0014532926 -0.0004465092  0.0097381360 -0.0191220058  0.0000159894  0.0495931234  0.0000026624
  0.0000000005 -0.0002888876  0.0000001957  0.0013191779 -0.0000000007  0.0000000228 -0.0000030493 -0.0000012388  0.0000000000 -0.0000000097 -0.0000001953 -0.0000105348  0.0000000004 -0.0000000006 -0.0000000001  0.0000119319 -0.0000000043 -0.0063596410 -0.0000021474  0.0357338627
  0.1131856350  0.0000017046 -0.0029201526 -0.0000000007  0.1128746136  0.0307564419 -0.0000000140 -0.0000003473 -0.0003277748 -0.0000001628  0.0000018007 -0.0000046986 -0.0000094805  0.0569119408 -0.0058534390  0.0000164348  0.2882621815 -0.0000001184 -0.0001907118 -0.0000000118
 -0.0014619181  0.0000019978  0.1879039054  0.0000000228  0.0307564419  0.0467446375 -0.0000000012  0.0000000078 -0.0001223855  0.0000000254 -0.0000000245  0.0000165909 -0.0000055030  0.0229862541  0.0000030870  0.0004707321  0.0876111321  0.0000029061  0.0099643115  0.0000005686
 -0.0000001910  0.0000010843 -0.0000000012 -0.0000030493 -0.0000000140 -0.0000000012  0.0013191846  0.0357338608  0.0000119312  0.0002888856  0.0063596394  0.0000000337 -0.0000105347  0.0000000156 -0.0000021457 -0.0000000014  0.0000000023  0.0000144872 -0.0000000002 -0.0000812480
 -0.0000026622  0.0000104348 -0.0000000049 -0.0000012388 -0.0000003473  0.0000000078  0.0357338608  0.9679585160  0.0000153220  0.0083721733  0.1722430297  0.0000000153 -0.0004044680  0.0000003955  0.0000012967 -0.0000000006  0.0000000246  0.0000002512  0.0000000015  0.0000030568
 -0.0094533820  0.0000002036 -0.0000595866  0.0000000000 -0.0003277748 -0.0001223855  0.0000119312  0.0000153220  0.9624850371  0.0093433657 -0.0004246807 -0.0000014488  0.0483260853  0.0002990584 -0.1832897100 -0.0000025951  0.0000306694 -0.0000000065 -0.0000141712  0.0000000012
 -0.0000142491 -0.0000027365 -0.0000000505 -0.0000000097 -0.0000001628  0.0000000254  0.0002888856  0.0083721733  0.0093433657  0.9636093806 -0.0457666209 -0.0000001701 -0.1811465848 -0.0000018949 -0.0004450021 -0.0000008177  0.0000019363  0.0000000010  0.0000014602  0.0000000355
  0.0000158544 -0.0000563296  0.0000000299 -0.0000001953  0.0000018007 -0.0000000245  0.0063596394  0.1722430297 -0.0004246807 -0.0457666209  0.0329674060 -0.0000109539  0.0088137448 -0.0000020776  0.0000153564  0.0000005933 -0.0000001755  0.0000027775 -0.0000000925  0.0000012598
  0.0000007966  0.1811486932  0.0004709262 -0.0000105348 -0.0000046986  0.0000165909  0.0000000337  0.0000000153 -0.0000014488 -0.0000001701 -0.0000109539  0.0366638136 -0.0000003383 -0.0000043426 -0.0000000241  0.0483427177 -0.0000204144 -0.0088138955 -0.0094678367 -0.0004044760
 -0.0004446505  0.0000005930 -0.0000020713  0.0000000004 -0.0000094805 -0.0000055030 -0.0000105347 -0.0004044680  0.0483260853 -0.1811465848  0.0088137448 -0.0000003383  0.0366609986  0.0000113193 -0.0094567551 -0.0000058385  0.0000077167 -0.0000000031  0.0000001670 -0.0000000003
 -0.1361326976  0.0000011933 -0.0014532926 -0.0000000006  0.0569119408  0.0229862541  0.0000000156  0.0000003955  0.0002990584 -0.0000018949 -0.0000020776 -0.0000043426  0.0000113193  0.0725361069  0.0070000624 -0.0000066237  0.2119527119 -0.0000000778 -0.0001311132 -0.0000000049
 -0.0483773973 -0.0000001518 -0.0004465092 -0.0000000001 -0.0058534390  0.0000030870 -0.0000021457  0.0000012967 -0.1832897100 -0.0004450021  0.0000153564 -0.0000000241 -0.0094567551  0.0070000624  0.0375160591 -0.0000056501  0.0001475440 -0.0000000017 -0.0000279213 -0.0000000020
  0.0000238122 -0.0093471941  0.0097381360  0.0000119319  0.0000164348  0.0004707321 -0.0000000014 -0.0000000006 -0.0000025951 -0.0000008177  0.0000005933  0.0483427177 -0.0000058385 -0.0000066237 -0.0000056501  0.9624181134 -0.0000845469  0.0004249268 -0.1834389765  0.0000153418
 -0.0045255662  0.0000026840 -0.0191220058 -0.0000000043  0.2882621815  0.0876111321  0.0000000023  0.0000000246  0.0000306694  0.0000019363 -0.0000001755 -0.0000204144  0.0000077167  0.2119527119  0.0001475440 -0.0000845469  0.8375170729 -0.0000004084 -0.0011469245 -0.0000000592
  0.0000000262 -0.0457668397  0.0000159894 -0.0063596410 -0.0000001184  0.0000029061  0.0000144872  0.0000002512 -0.0000000065  0.0000000010  0.0000027775 -0.0088138955 -0.0000000031 -0.0000000778 -0.0000000017  0.0004249268 -0.0000004084  0.0329674381 -0.0000153633 -0.1722430593
  0.0001523155  0.0004455068  0.0495931234 -0.0000021474 -0.0001907118  0.0099643115 -0.0000000002  0.0000000015 -0.0000141712  0.0000014602 -0.0000000925 -0.0094678367  0.0000001670 -0.0001311132 -0.0000279213 -0.1834389765 -0.0011469245 -0.0000153633  0.0377228703  0.0000013022
  0.0000000048 -0.0083722207  0.0000026624  0.0357338627 -0.0000000118  0.0000005686 -0.0000812480  0.0000030568  0.0000000012  0.0000000355  0.0000012598 -0.0004044760 -0.0000000003 -0.0000000049 -0.0000000020  0.0000153418 -0.0000000592 -0.1722430593  0.0000013022  0.9679584971
 2
  0.9649776586  0.0000000048 -0.0003152961  0.0000000004 -0.1131856345 -0.0014618849  0.0000001910  0.0000026622  0.0094533821 -0.0000142491  0.0000158544  0.0000007974  0.0004446505  0.1361326978 -0.0483773922  0.0000238292 -0.0045255696 -0.0000000261 -0.0001524097  0.0000000049
  0.0000000048  0.9636084530 -0.0000172560  0.0002888876  0.0000017044 -0.0000019978 -0.0000010840 -0.0000104181  0.0000002554 -0.0000027958 -0.0000562013 -0.1811486932 -0.0000004766  0.0000011936  0.0000001539  0.0093471941 -0.0000026840 -0.0457668397  0.0004455068  0.0083722207
 -0.0003152961 -0.0000172560  0.9601749811 -0.0000001957 -0.0029200631 -0.1879039054 -0.0000000007 -0.0000000049 -0.0000562538  0.0000000423 -0.0000000276 -0.0004709262 -0.0000018870 -0.0014533994  0.0004297327 -0.0097381361  0.0191220080  0.0000159894  0.0495931238 -0.0000026624
  0.0000000004  0.0002888876 -0.0000001957  0.0013191779  0.0000000007  0.0000000228 -0.0000030500 -0.0000012389  0.0000000001  0.0000000096  0.0000001953 -0.0000105348  0.0000000004  0.0000000006 -0.0000000001  0.0000119319 -0.0000000043  0.0063596410  0.0000021474  0.0357338627
 -0.1131856345  0.0000017044 -0.0029200631  0.0000000007  0.1128746137 -0.0307564429 -0.0000000140 -0.0000003473 -0.0003277747  0.0000001627 -0.0000018009  0.0000046986 -0.0000094802  0.0569119410  0.0058534924 -0.0000164358 -0.2882621816 -0.0000001184 -0.0001907014  0.0000000117
 -0.0014618849 -0.0000019978 -0.1879039054  0.0000000228 -0.0307564429  0.0467446376  0.0000000011 -0.0000000078  0.0001223987  0.0000000256 -0.0000000242  0.0000165909  0.0000055029 -0.0229862535  0.0000065043  0.0004707320  0.0876111328 -0.0000029061 -0.0099643113  0.0000005686
