 M_A= 5   M_B= 5
 Bell coefficients, M_A lines, M_B columns:
       |  0 -1 -1 -1  0
   --------------------
     0 | -1  0 -1  1 -1
     0 | -1 -1  1  0  0
    -1 | -1  1  0  0  1
    -1 |  1  1  0  1  0
    -1 |  0  0  1  1  0

 Classical limit=  0.

-----------------------------------------------

 Limit with real qubits without degenerate measurements:  0.21904759

 Vector (Schmidt coefficients)  0.78405953  0.62068563

 Matrices of measurement operators of Alice (in Schmidt basis)
   dimensionalities of subspaces: 1 1 1 1 1
 1
 0.9778147-0.1472859
-0.1472859 0.0221853
 2
 0.1875824-0.3903784
-0.3903784 0.8124176
 3
 0.0054732 0.0737783
 0.0737783 0.9945268
 4
 0.6741052 0.4687082
 0.4687082 0.3258948
 5
 0.3195381 0.4662976
 0.4662976 0.6804619

 Matrices of measurement operators of Bob (in Schmidt basis)
   dimensionalities of subspaces: 1 1 1 1 1
 1
 0.6443635 0.4787057
 0.4787057 0.3556365
 2
 0.4330114 0.4954922
 0.4954922 0.5669886
 3
 0.0097235 0.0981271
 0.0981271 0.9902765
 4
 0.8036961 0.3972011
 0.3972011 0.1963039
 5
 0.0118097 0.1080287
 0.1080287 0.9881903

-----------------------------------------------

 Limit with real qubits allowing degenerate measurements:  0.39516797

 Vector (Schmidt coefficients)  0.73228242  0.68100107

 Matrices of measurement operators of Alice (in Schmidt basis)
   dimensionalities of subspaces: 1 1 1 1 1
 1
 0.4956652-0.4999812
-0.4999812 0.5043348
 2
 0.7014421 0.4576255
 0.4576255 0.2985579
 3
 0.0100686 0.0998360
 0.0998360 0.9899314
 4
 0.0700072-0.2551591
-0.2551591 0.9299928
 5
 0.0324030 0.1770680
 0.1770680 0.9675970

 Matrices of measurement operators of Bob (in Schmidt basis)
   dimensionalities of subspaces: 0 1 1 1 1
 1
 0.0000000 0.0000000
 0.0000000 0.0000000
 2
 0.0578675-0.2334927
-0.2334927 0.9421325
 3
 0.3726559 0.4835116
 0.4835116 0.6273441
 4
 0.0838478-0.2771595
-0.2771595 0.9161522
 5
 0.1848886 0.3882072
 0.3882072 0.8151114


-----------------------------------------------

 Limit with complex qubits without degenerate measurements:  0.23181201
 Note: better with real qubits with degenerate measurement

 Vector (Schmidt coefficients)  0.77734165  0.62907866

 Matrices of measurement operators of Alice (in Schmidt basis)
   dimensionalities of subspaces: 1 1 1 1 1
 1
( 0.9570580, 0.0000000)  (-0.1969806,-0.0479234)
(-0.1969806, 0.0479234)  ( 0.0429420, 0.0000000)
 2
( 0.2740525, 0.0000000)  (-0.4458483, 0.0129231)
(-0.4458483,-0.0129231)  ( 0.7259475, 0.0000000)
 3
( 0.0096503, 0.0000000)  ( 0.0949897, 0.0231112)
( 0.0949897,-0.0231112)  ( 0.9903497, 0.0000000)
 4
( 0.7259477, 0.0000000)  ( 0.3900796, 0.2162997)
( 0.3900796,-0.2162997)  ( 0.2740523, 0.0000000)
 5
( 0.5000004, 0.0000000)  (-0.1182008, 0.4858277)
(-0.1182008,-0.4858277)  ( 0.4999996, 0.0000000)

 Matrices of measurement operators of Bob (in Schmidt basis)
   dimensionalities of subspaces: 1 1 1 1 1
 1
( 0.6406163, 0.0000000)  ( 0.4662202,-0.1134277)
( 0.4662202, 0.1134277)  ( 0.3593837, 0.0000000)
 2
( 0.4247142, 0.0000000)  ( 0.4802891,-0.1168523)
( 0.4802891, 0.1168523)  ( 0.5752858, 0.0000000)
 3
( 0.1129913, 0.0000000)  (-0.1764789,-0.2628298)
(-0.1764789, 0.2628298)  ( 0.8870087, 0.0000000)
 4
( 0.8870085, 0.0000000)  ( 0.0360094,-0.3145278)
( 0.0360094, 0.3145278)  ( 0.1129915, 0.0000000)
 5
( 0.0224478, 0.0000000)  ( 0.1439360,-0.0350189)
( 0.1439360, 0.0350189)  ( 0.9775522, 0.0000000)

-----------------------------------------------

 Limit with complex qubits allowing degenerate measurements:  0.40192458
 Vector (Schmidt coefficients)  0.72979764  0.68366322


 Matrices of measurement operators of Alice (in Schmidt basis)
   dimensionalities of subspaces: 1 1 1 1 1
 1
( 0.5185595, 0.0000000)  (-0.4453925, 0.2264532)
(-0.4453925,-0.2264532)  ( 0.4814405, 0.0000000)
 2
( 0.8255263, 0.0000000)  ( 0.3795162,-0.0002492)
( 0.3795162, 0.0002492)  ( 0.1744737, 0.0000000)
 3
( 0.0106415, 0.0000000)  ( 0.0915600,-0.0463147)
( 0.0915600, 0.0463147)  ( 0.9893585, 0.0000000)
 4
( 0.1745586, 0.0000000)  (-0.2241521, 0.3063393)
(-0.2241521,-0.3063393)  ( 0.8254414, 0.0000000)
 5
( 0.4999168, 0.0000000)  ( 0.2264387, 0.4457864)
( 0.2264387,-0.4457864)  ( 0.5000832, 0.0000000)

 Matrices of measurement operators of Bob (in Schmidt basis)
   dimensionalities of subspaces: 0 1 1 1 1
 1
( 0.0000000, 0.0000000)  ( 0.0000000, 0.0000000)
( 0.0000000, 0.0000000)  ( 0.0000000, 0.0000000)
 2
( 0.0507961, 0.0000000)  (-0.1957871,-0.0994147)
(-0.1957871, 0.0994147)  ( 0.9492039, 0.0000000)
 3
( 0.6240446, 0.0000000)  ( 0.4741673,-0.0988852)
( 0.4741673, 0.0988852)  ( 0.3759554, 0.0000000)
 4
( 0.3759249, 0.0000000)  (-0.1995985,-0.4413228)
(-0.1995985, 0.4413228)  ( 0.6240751, 0.0000000)
 5
( 0.1771139, 0.0000000)  ( 0.3404430, 0.1727518)
( 0.3404430,-0.1727518)  ( 0.8228861, 0.0000000)

-----------------------------------------------

 Maximum value found with 5-dimensional real spaces:  0.40438808

 Vector (Schmidt coefficients)  0.52792215  0.40556102  0.46614681  0.29811340  0.50065359

 Matrices of measurement operators of Alice (in Schmidt basis)
   dimensionalities of subspaces: 2 2 3 3 2
 1
 0.242259 0.000832-0.428266 0.001079 0.012507
 0.000832 0.057986-0.001237-0.232449 0.024265
-0.428266-0.001237 0.757088-0.002847-0.022011
 0.001079-0.232449-0.002847 0.931902-0.097049
 0.012507 0.024265-0.022011-0.097049 0.010764
 2
 0.952922-0.027683 0.101639 0.023332 0.182265
-0.027683 0.967720 0.150572 0.075252 0.046230
 0.101639 0.150572 0.035217 0.014544 0.027621
 0.023332 0.075252 0.014544 0.006534 0.008509
 0.182265 0.046230 0.027621 0.008509 0.037608
 3
 0.141665 0.006613 0.348388-0.003712-0.012815
 0.006613 0.600535-0.009222 0.207039-0.443733
 0.348388-0.009222 0.858486 0.004895-0.002064
-0.003712 0.207039 0.004895 0.892694 0.229976
-0.012815-0.443733-0.002064 0.229976 0.506620
 4
 0.034147-0.025324-0.098093 0.023248 0.148919
-0.025324 0.030922 0.145049-0.074879-0.051752
-0.098093 0.145049 0.967535 0.013868 0.023608
 0.023248-0.074879 0.013868 0.993556-0.007923
 0.148919-0.051752 0.023608-0.007923 0.973840
 5
 0.481790-0.155527 0.003747 0.005492 0.474801
-0.155527 0.490442 0.471039 0.060494-0.013512
 0.003747 0.471039 0.506618 0.066837 0.153613
 0.005492 0.060494 0.066837 0.008870 0.025179
 0.474801-0.013512 0.153613 0.025179 0.512281

 Matrices of measurement operators of Bob (in Schmidt basis)
   dimensionalities of subspaces: 1 3 2 3 3
 1
 0.000376-0.003335-0.000387 0.002437-0.018941
-0.003335 0.029562 0.003435-0.021603 0.167925
-0.000387 0.003435 0.000399-0.002510 0.019512
 0.002437-0.021603-0.002510 0.015786-0.122711
-0.018941 0.167925 0.019512-0.122711 0.953876
 2
 0.003337 0.005134 0.054473-0.000309-0.018233
 0.005134 0.087660-0.007425 0.045710-0.278935
 0.054473-0.007425 0.996967 0.000375-0.001189
-0.000309 0.045710 0.000375 0.997710 0.013974
-0.018233-0.278935-0.001189 0.013974 0.914326
 3
 0.688449-0.091352 0.206742 0.019928 0.403736
-0.091352 0.895041 0.251032 0.150216-0.003936
 0.206742 0.251032 0.149910 0.054195 0.136897
 0.019928 0.150216 0.054195 0.027042 0.020280
 0.403736-0.003936 0.136897 0.020280 0.239558
 4
 0.280467-0.089361-0.199497 0.019995 0.391945
-0.089361 0.102627 0.248155-0.149945-0.006692
-0.199497 0.248155 0.860638 0.052485 0.125721
 0.019995-0.149945 0.052485 0.973229-0.020415
 0.391945-0.006692 0.125721-0.020415 0.783040
 5
 0.435325 0.002366 0.495502-0.005216-0.016188
 0.002366 0.738843-0.004156 0.378086-0.223566
 0.495502-0.004156 0.565181 0.007587 0.012424
-0.005216 0.378086 0.007587 0.452625 0.323608
-0.016188-0.223566 0.012424 0.323608 0.808026

-----------------------------------------------

 Maximum value found with 15-dimensional real spaces:  0.40652676

 Vector (Schmidt coefficients)
 0.203936500571 0.098097832346 0.038194243761 0.412666275096 0.048852265189 0.169663752721
 0.117474544277 0.064806872636 0.078844126389 0.297463059577 0.242341076783 0.142675438880
 0.470429738340 0.449117429102 0.362029255443

 Matrices of measurement operators of Alice (in Schmidt basis)
   dimensionalities of subspaces: 7 7 8 8 8
 1
  0.8625715591 -0.0034840834  0.0000239247  0.0045656920 -0.0000680226  0.0000000017 -0.0098493599  0.0000000000  0.0000000000  0.0000000211  0.3440993621 -0.0000000006  0.0027375309  0.0000001063 -0.0000000059
 -0.0034840834  0.8690978766 -0.0021970457 -0.0000600414  0.0074478864  0.0000000000 -0.3371784354  0.0000000000  0.0000000000 -0.0000000003 -0.0022402848  0.0000000000 -0.0000294221 -0.0000000010  0.0000000001
  0.0000239247 -0.0021970457  0.9120244166  0.0000003434  0.2832484626  0.0000000000  0.0011665273  0.0000000000  0.0000000000  0.0000000000  0.0000132758  0.0000000000  0.0000001486  0.0000000000  0.0000000000
  0.0045656920 -0.0000600414  0.0000003434  0.7473094811 -0.0000008507  0.0000000363 -0.0001181123  0.0000000002 -0.0000000004  0.0000013194 -0.0115519630 -0.0000000190  0.4343773809  0.0000229861 -0.0000015799
 -0.0000680226  0.0074478864  0.2832484626 -0.0000008507  0.0880448570  0.0000000000 -0.0027913790  0.0000000000  0.0000000000  0.0000000000 -0.0000339290  0.0000000000 -0.0000004633  0.0000000000  0.0000000000
  0.0000000017  0.0000000000  0.0000000000  0.0000000363  0.0000000000  0.1373221181  0.0000000000 -0.0018702091  0.0033631378  0.0121716043 -0.0000000007  0.3439275588  0.0000000535 -0.0009804872  0.0038302233
 -0.0098493599 -0.3371784354  0.0011665273 -0.0001181123 -0.0027913790  0.0000000000  0.1309585691  0.0000000000  0.0000000000 -0.0000000007 -0.0035976925  0.0000000000 -0.0000718655 -0.0000000035  0.0000000001
  0.0000000000  0.0000000000  0.0000000000  0.0000000002  0.0000000000 -0.0018702091  0.0000000000  0.8816445948  0.3230085962  0.0000526131  0.0000000000 -0.0030575990  0.0000000005 -0.0000098467  0.0000239640
  0.0000000000  0.0000000000  0.0000000000 -0.0000000004  0.0000000000  0.0033631378  0.0000000000  0.3230085962  0.1184604632 -0.0001229406  0.0000000000  0.0090388161 -0.0000000008  0.0000157400 -0.0000487568
  0.0000000211 -0.0000000003  0.0000000000  0.0000013194  0.0000000000  0.0121716043 -0.0000000007  0.0000526131 -0.0001229406  0.8887320286 -0.0000000614 -0.0045313506  0.0000036929 -0.0855726016  0.3023177811
  0.3440993621 -0.0022402848  0.0000132758 -0.0115519630 -0.0000339290 -0.0000000007 -0.0035976925  0.0000000000  0.0000000000 -0.0000000614  0.1375092021  0.0000000002 -0.0066812445 -0.0000003645  0.0000000102
 -0.0000000006  0.0000000000  0.0000000000 -0.0000000190  0.0000000000  0.3439275588  0.0000000000 -0.0030575990  0.0090388161 -0.0045313506  0.0000000002  0.8627616751 -0.0000000453  0.0009165142 -0.0023193081
  0.0027375309 -0.0000294221  0.0000001486  0.4343773809 -0.0000004633  0.0000000535 -0.0000718655  0.0000000005 -0.0000000008  0.0000036929 -0.0066812445 -0.0000000453  0.2524840377  0.0000130790  0.0000000770
  0.0000001063 -0.0000000010  0.0000000000  0.0000229861  0.0000000000 -0.0009804872 -0.0000000035 -0.0000098467  0.0000157400 -0.0855726016 -0.0000003645  0.0009165142  0.0000130790  0.0082397259 -0.0291094538
 -0.0000000059  0.0000000001  0.0000000000 -0.0000015799  0.0000000000  0.0038302233  0.0000000001  0.0000239640 -0.0000487568  0.3023177811  0.0000000102 -0.0023193081  0.0000000770 -0.0291094538  0.1028393950
 2
  0.0213580831  0.0008551861 -0.0000082543 -0.0006804975 -0.0000369295  0.1360725887 -0.0052112695 -0.0000242781 -0.0011112937  0.0060499816 -0.0472840472 -0.0066699977 -0.0006847743 -0.0003817823  0.0062522194
  0.0008551861  0.0194279527  0.0006741598  0.0000079855  0.0036605287  0.0088556774  0.0391155552 -0.0039132352  0.1318312580  0.0000104764 -0.0000838741  0.0057157594  0.0000086186 -0.0000026711 -0.0000340107
 -0.0000082543  0.0006741598  0.0000539790 -0.0000000461 -0.0051556114 -0.0000204444  0.0000206868  0.0004998130  0.0051662103 -0.0000003771  0.0000001551  0.0000288660 -0.0000000166 -0.0000000033  0.0000001048
 -0.0006804975  0.0000079855 -0.0000000461  0.0364398238 -0.0000001767  0.0005741635 -0.0000182929 -0.0000002170 -0.0000047094  0.0160011156 -0.0007480816  0.0000030176 -0.1121229139 -0.0087709979 -0.1490171007
 -0.0000369295  0.0036605287 -0.0051556114 -0.0000001767  0.9844815582 -0.0000092754  0.0006927263 -0.1233723567 -0.0039816392 -0.0000068834  0.0000092974  0.0007527379  0.0000003829 -0.0000003349 -0.0000005126
  0.1360725887  0.0088556774 -0.0000204444  0.0005741635 -0.0000092754  0.9788098224  0.0067231455 -0.0000610815 -0.0007998210  0.0041549499  0.0067931409 -0.0451343127  0.0000546453 -0.0005110805 -0.0001628555
 -0.0052112695  0.0391155552  0.0000206868 -0.0000182929  0.0006927263  0.0067231455  0.9797049150  0.0075847812 -0.0058011436 -0.0011849770  0.0008778835  0.1348589981  0.0000658140 -0.0000529212 -0.0001253333
 -0.0000242781 -0.0039132352  0.0004998130 -0.0000002170 -0.1233723567 -0.0000610815  0.0075847812  0.0163159080 -0.0274809612 -0.0000118764  0.0000375517  0.0008120955  0.0000008788 -0.0000004039 -0.0000009560
 -0.0011112937  0.1318312580  0.0051662103 -0.0000047094 -0.0039816392 -0.0007998210 -0.0058011436 -0.0274809612  0.9814202408 -0.0000447641  0.0000093443  0.0046684747  0.0000003381  0.0000000050  0.0000042347
  0.0060499816  0.0000104764 -0.0000003771  0.0160011156 -0.0000068834  0.0041549499 -0.0011849770 -0.0000118764 -0.0000447641  0.0351891979 -0.1264104149  0.0008492729  0.0357767610  0.0162884267 -0.1269409567
 -0.0472840472 -0.0000838741  0.0000001551 -0.0007480816  0.0000092974  0.0067931409  0.0008778835  0.0000375517  0.0000093443 -0.1264104149  0.9809485894 -0.0095274732  0.0052869011 -0.0033090616 -0.0172023417
 -0.0066699977  0.0057157594  0.0000288660  0.0000030176  0.0007527379 -0.0451343127  0.1348589981  0.0008120955  0.0046684747  0.0008492729 -0.0095274732  0.0208505056 -0.0001580875  0.0000337403  0.0000770517
 -0.0006847743  0.0000086186 -0.0000000166 -0.1121229139  0.0000003829  0.0000546453  0.0000658140  0.0000008788  0.0000003381  0.0357767610  0.0052869011 -0.0001580875  0.9559957343  0.1678921526 -0.0003719415
 -0.0003817823 -0.0000026711 -0.0000000033 -0.0087709979 -0.0000003349 -0.0005110805 -0.0000529212 -0.0000004039  0.0000000050  0.0162884267 -0.0033090616  0.0000337403  0.1678921526  0.0346238426 -0.0698831395
  0.0062522194 -0.0000340107  0.0000001048 -0.1490171007 -0.0000005126 -0.0001628555 -0.0001253333 -0.0000009560  0.0000042347 -0.1269409567 -0.0172023417  0.0000770517 -0.0003719415 -0.0698831395  0.9543798472
 3
  0.7975820838 -0.0006517565  0.0000074798 -0.0001893347  0.0000042425 -0.0000000009  0.0055198165  0.0000000000  0.0000000000  0.0000000267 -0.4017445952 -0.0000000007 -0.0039057012 -0.0000001838  0.0000000219
 -0.0006517565  0.7912637708 -0.0004504223 -0.0000029727 -0.0028698901  0.0000000000  0.4063682263  0.0000000000  0.0000000000 -0.0000000004  0.0046275834  0.0000000000  0.0000441131  0.0000000021 -0.0000000002
  0.0000074798 -0.0004504223  0.7591857788  0.0000000272 -0.4275707243  0.0000000000 -0.0024091909  0.0000000000  0.0000000000  0.0000000000 -0.0000265174  0.0000000000 -0.0000002514  0.0000000000  0.0000000000
 -0.0001893347 -0.0000029727  0.0000000272  0.8673053648  0.0000000126 -0.0000000052  0.0000073503  0.0000000001  0.0000000000  0.0000002150  0.0029847124 -0.0000000086 -0.3392312255 -0.0000156623  0.0000008115
  0.0000042425 -0.0028698901 -0.4275707243  0.0000000126  0.2408186382  0.0000000000 -0.0002472696  0.0000000000  0.0000000000  0.0000000000 -0.0000062960  0.0000000000 -0.0000000683  0.0000000000  0.0000000000
 -0.0000000009  0.0000000000  0.0000000000 -0.0000000052  0.0000000000  0.2035058739  0.0000000000  0.0038143011  0.0004343816 -0.0059932217  0.0000000003 -0.4025414898  0.0000000475 -0.0008946826  0.0003541418
  0.0055198165  0.4063682263 -0.0024091909  0.0000073503 -0.0002472696  0.0000000000  0.2087471832  0.0000000000  0.0000000000  0.0000000002 -0.0005722492  0.0000000000 -0.0000100291 -0.0000000005 -0.0000000001
  0.0000000000  0.0000000000  0.0000000000  0.0000000001  0.0000000000  0.0038143011  0.0000000000  0.7810783570 -0.4134973464  0.0000267950  0.0000000000 -0.0005927409 -0.0000000009  0.0000221059 -0.0000180363
  0.0000000000  0.0000000000  0.0000000000  0.0000000000  0.0000000000  0.0004343816  0.0000000000 -0.4134973464  0.2189321617  0.0000127691  0.0000000000 -0.0045415709 -0.0000000003  0.0000069205 -0.0000065161
  0.0000000267 -0.0000000004  0.0000000000  0.0000002150  0.0000000000 -0.0059932217  0.0000000002  0.0000267950  0.0000127691  0.8867113064  0.0000000321 -0.0020527325 -0.0000108970  0.2353844305 -0.2121518369
 -0.4017445952  0.0046275834 -0.0000265174  0.0029847124 -0.0000062960  0.0000000003 -0.0005722492  0.0000000000  0.0000000000  0.0000000321  0.2023929979 -0.0000000001  0.0008374105  0.0000000640 -0.0000000061
 -0.0000000007  0.0000000000  0.0000000000 -0.0000000086  0.0000000000 -0.4025414898  0.0000000000 -0.0005927409 -0.0045415709 -0.0020527325 -0.0000000001  0.7965214516  0.0000001073 -0.0024811437  0.0020076649
 -0.0039057012  0.0000441131 -0.0000002514 -0.3392312255 -0.0000000683  0.0000000475 -0.0000100291 -0.0000000009 -0.0000000003 -0.0000108970  0.0008374105  0.0000001073  0.1327041831 -0.0000162481 -0.0000193712
 -0.0000001838  0.0000000021  0.0000000000 -0.0000156623  0.0000000000 -0.0008946826 -0.0000000005  0.0000221059  0.0000069205  0.2353844305  0.0000000640 -0.0024811437 -0.0000162481  0.5107086430  0.4409904049
  0.0000000219 -0.0000000002  0.0000000000  0.0000008115  0.0000000000  0.0003541418 -0.0000000001 -0.0000180363 -0.0000065161 -0.2121518369 -0.0000000061  0.0020076649 -0.0000193712  0.4409904049  0.6025422057
 4
  0.9786419167 -0.0008551861  0.0000082543  0.0006805075  0.0000369295  0.1360725897  0.0052112695 -0.0000242781 -0.0011112938  0.0060499800  0.0472840455 -0.0066699977  0.0006847962 -0.0003816976  0.0062522343
 -0.0008551861  0.9805720473 -0.0006741598 -0.0000079856 -0.0036605287  0.0088556774 -0.0391155552 -0.0039132352  0.1318312580  0.0000104764  0.0000838741  0.0057157594 -0.0000086181 -0.0000026722 -0.0000340108
  0.0000082543 -0.0006741598  0.9999460210  0.0000000461  0.0051556114 -0.0000204444 -0.0000206868  0.0004998130  0.0051662103 -0.0000003771 -0.0000001551  0.0000288660  0.0000000166 -0.0000000033  0.0000001048
  0.0006805075 -0.0000079856  0.0000000461  0.9635596085  0.0000001767  0.0005741689  0.0000182938 -0.0000002170 -0.0000047095  0.0160012198  0.0007481299  0.0000030180  0.1121244399 -0.0087583661 -0.1490184499
  0.0000369295 -0.0036605287  0.0051556114  0.0000001767  0.0155184418 -0.0000092754 -0.0006927263 -0.1233723567 -0.0039816392 -0.0000068834 -0.0000092974  0.0007527379 -0.0000003829 -0.0000003350 -0.0000005126
  0.1360725897  0.0088556774 -0.0000204444  0.0005741689 -0.0000092754  0.0211901779  0.0067231455  0.0000610815  0.0007998210 -0.0041549504  0.0067931408  0.0451343127  0.0000545826  0.0005110953  0.0001628556
  0.0052112695 -0.0391155552 -0.0000206868  0.0000182938 -0.0006927263  0.0067231455  0.0202950850  0.0075847812 -0.0058011436 -0.0011849769 -0.0008778835  0.1348589982 -0.0000658093 -0.0000529287 -0.0001253336
 -0.0000242781 -0.0039132352  0.0004998130 -0.0000002170 -0.1233723567  0.0000610815  0.0075847812  0.9836840920  0.0274809612  0.0000118764  0.0000375517 -0.0008120955  0.0000008788  0.0000004040  0.0000009560
 -0.0011112938  0.1318312580  0.0051662103 -0.0000047095 -0.0039816392  0.0007998210 -0.0058011436  0.0274809612  0.0185797592  0.0000447641  0.0000093443 -0.0046684747  0.0000003382 -0.0000000050 -0.0000042347
  0.0060499800  0.0000104764 -0.0000003771  0.0160012198 -0.0000068834 -0.0041549504 -0.0011849769  0.0000118764  0.0000447641  0.9648107145 -0.1264104230 -0.0008492728  0.0357793474 -0.0162844191  0.1269410413
  0.0472840455  0.0000838741 -0.0000001551  0.0007481299 -0.0000092974  0.0067931408 -0.0008778835  0.0000375517  0.0000093443 -0.1264104230  0.0190514146 -0.0095274735 -0.0052866193 -0.0033096779 -0.0172023666
 -0.0066699977  0.0057157594  0.0000288660  0.0000030180  0.0007527379  0.0451343127  0.1348589982 -0.0008120955 -0.0046684747 -0.0008492728 -0.0095274735  0.9791494944 -0.0001580865 -0.0000337583 -0.0000770527
  0.0006847962 -0.0000086181  0.0000000166  0.1121244399 -0.0000003829  0.0000545826 -0.0000658093  0.0000008788  0.0000003382  0.0357793474 -0.0052866193 -0.0001580865  0.0439663498  0.1677875560 -0.0003801350
 -0.0003816976 -0.0000026722 -0.0000000033 -0.0087583661 -0.0000003350  0.0005110953 -0.0000529287  0.0000004040 -0.0000000050 -0.0162844191 -0.0033096779 -0.0000337583  0.1677875560  0.9654143530  0.0698824723
  0.0062522343 -0.0000340108  0.0000001048 -0.1490184499 -0.0000005126  0.0001628556 -0.0001253336  0.0000009560 -0.0000042347  0.1269410413 -0.0172023666 -0.0000770527 -0.0003801350  0.0698824723  0.0456205243
 5
  0.5000000185 -0.0000008522  0.0000946438  0.0000000674  0.0000118923  0.4798385089  0.0000001574  0.0017786507 -0.0099580953  0.0976906640 -0.0000000032 -0.0965567989  0.0000003854 -0.0075158860  0.0270092437
 -0.0000008522  0.5000398999 -0.0044315030 -0.0000000110 -0.0005568331  0.0295089980 -0.0000073816 -0.0852876741  0.4829151536 -0.0022288187 -0.0000001681  0.0928601088 -0.0000000118  0.0001689255 -0.0004900615
  0.0000946438 -0.0044315030  0.9921876823  0.0000010324  0.0618450230 -0.0001972232  0.0008198367  0.0605452982  0.0154754482  0.0000220480  0.0000186742 -0.0009469914  0.0000003312 -0.0000016965  0.0000046408
  0.0000000674 -0.0000000110  0.0000010324  0.4999991210  0.0000001296  0.0047730950 -0.0000000071  0.0000168344 -0.0001037088  0.0991777872 -0.0000002787 -0.0009006458  0.0000057781 -0.1102939345 -0.4774677056
  0.0000118923 -0.0005568331  0.0618450230  0.0000001296  0.5077710333  0.0016331733  0.0001030152 -0.4882906043 -0.0872950951 -0.0001942740  0.0000023465  0.0079767528  0.0000000408  0.0000150509 -0.0000406699
  0.4798385089  0.0295089980 -0.0001972232  0.0047730950  0.0016331733  0.5000000010  0.0970973062  0.0000000000  0.0000000000  0.0000000003  0.0970963702  0.0000000000  0.0017730937  0.0000001152 -0.0000000049
  0.0000001574 -0.0000073816  0.0008198367 -0.0000000071  0.0001030152  0.0970973062  0.5000013656  0.0250849911 -0.0939655460 -0.0111934002  0.0000000316  0.4806044869 -0.0000000439  0.0008598764 -0.0024382955
  0.0017786507 -0.0852876741  0.0605452982  0.0000168344 -0.4882906043  0.0000000000  0.0250849911  0.5000000000  0.0000000000  0.0000000000  0.0003802024  0.0000000000  0.0000062801  0.0000000004  0.0000000000
 -0.0099580953  0.4829151536  0.0154754482 -0.0001037088 -0.0872950951  0.0000000000 -0.0939655460  0.0000000000  0.5000000000  0.0000000000 -0.0020812759  0.0000000000 -0.0000360104 -0.0000000023  0.0000000001
  0.0976906640 -0.0022288187  0.0000220480  0.0991777872 -0.0001942740  0.0000000003 -0.0111934002  0.0000000000  0.0000000000  0.4999999626 -0.4768016037  0.0000000000  0.0561269396  0.0000035722 -0.0000000440
 -0.0000000032 -0.0000001681  0.0000186742 -0.0000002787  0.0000023465  0.0970963702  0.0000000316  0.0003802024 -0.0020812759 -0.4768016037  0.5000000344 -0.0317424321 -0.0000016958  0.0327685108 -0.1055778941
 -0.0965567989  0.0928601088 -0.0009469914 -0.0009006458  0.0079767528  0.0000000000  0.4806044869  0.0000000000  0.0000000000  0.0000000000 -0.0317424321  0.5000000000 -0.0004397781 -0.0000000290 -0.0000000012
  0.0000003854 -0.0000000118  0.0000003312  0.0000057781  0.0000000408  0.0017730937 -0.0000000439  0.0000062801 -0.0000360104  0.0561269396 -0.0000016958 -0.0004397781  0.4999436972  0.4865225718 -0.1007085499
 -0.0075158860  0.0001689255 -0.0000016965 -0.1102939345  0.0000150509  0.0000001152  0.0008598764  0.0000000004 -0.0000000023  0.0000035722  0.0327685108 -0.0000000290  0.4865225718  0.5000560507 -0.0000061338
  0.0270092437 -0.0004900615  0.0000046408 -0.4774677056 -0.0000406699 -0.0000000049 -0.0024382955  0.0000000000  0.0000000001 -0.0000000440 -0.1055778941 -0.0000000012 -0.1007085499 -0.0000061338  0.5000011334

 Matrices of measurement operators of Bob (in Schmidt basis)
   dimensionalities of subspaces: 1 8 7 8 8
 1
  0.0000000000  0.0000000000  0.0000000000  0.0000000000  0.0000000000  0.0000000000  0.0000000000  0.0000000000  0.0000000000 -0.0000000020  0.0000000000  0.0000000000  0.0000000000  0.0000000122 -0.0000000019
  0.0000000000  0.0000000000  0.0000000000  0.0000000000  0.0000000000  0.0000000000  0.0000000000  0.0000000000  0.0000000000  0.0000000000  0.0000000000  0.0000000000  0.0000000000 -0.0000000001  0.0000000000
  0.0000000000  0.0000000000  0.0000000000  0.0000000000  0.0000000000  0.0000000000  0.0000000000  0.0000000000  0.0000000000  0.0000000000  0.0000000000  0.0000000000  0.0000000000  0.0000000000  0.0000000000
  0.0000000000  0.0000000000  0.0000000000  0.0000000000  0.0000000000 -0.0000000055  0.0000000000  0.0000000000  0.0000000000  0.0000003063  0.0000000000 -0.0000000013  0.0000000001 -0.0000019070  0.0000002940
  0.0000000000  0.0000000000  0.0000000000  0.0000000000  0.0000000000  0.0000000000  0.0000000000  0.0000000000  0.0000000000  0.0000000000  0.0000000000  0.0000000000  0.0000000000  0.0000000000  0.0000000000
  0.0000000000  0.0000000000  0.0000000000 -0.0000000055  0.0000000000  0.0000078749  0.0000000000 -0.0000000058 -0.0000000524 -0.0004399234 -0.0000000001  0.0000018183 -0.0000001583  0.0027391529 -0.0004222821
  0.0000000000  0.0000000000  0.0000000000  0.0000000000  0.0000000000  0.0000000000  0.0000000000  0.0000000000  0.0000000000  0.0000000001  0.0000000000  0.0000000000  0.0000000000 -0.0000000003  0.0000000001
  0.0000000000  0.0000000000  0.0000000000  0.0000000000  0.0000000000 -0.0000000058  0.0000000000  0.0000000000  0.0000000000  0.0000003256  0.0000000000 -0.0000000013  0.0000000001 -0.0000020276  0.0000003126
  0.0000000000  0.0000000000  0.0000000000  0.0000000000  0.0000000000 -0.0000000524  0.0000000000  0.0000000000  0.0000000003  0.0000029291  0.0000000000 -0.0000000121  0.0000000011 -0.0000182379  0.0000028116
 -0.0000000020  0.0000000000  0.0000000000  0.0000003063  0.0000000000 -0.0004399234  0.0000000001  0.0000003256  0.0000029291  0.0245759477  0.0000000045 -0.0001015770  0.0000088428 -0.1530204498  0.0235904328
  0.0000000000  0.0000000000  0.0000000000  0.0000000000  0.0000000000 -0.0000000001  0.0000000000  0.0000000000  0.0000000000  0.0000000045  0.0000000000  0.0000000000  0.0000000000 -0.0000000281  0.0000000043
  0.0000000000  0.0000000000  0.0000000000 -0.0000000013  0.0000000000  0.0000018183  0.0000000000 -0.0000000013 -0.0000000121 -0.0001015770  0.0000000000  0.0000004198 -0.0000000365  0.0006324621 -0.0000975037
  0.0000000000  0.0000000000  0.0000000000  0.0000000001  0.0000000000 -0.0000001583  0.0000000000  0.0000000001  0.0000000011  0.0000088428  0.0000000000 -0.0000000365  0.0000000032 -0.0000550592  0.0000084882
  0.0000000122 -0.0000000001  0.0000000000 -0.0000019070  0.0000000000  0.0027391529 -0.0000000003 -0.0000020276 -0.0000182379 -0.1530204498 -0.0000000281  0.0006324621 -0.0000550592  0.9527713162 -0.1468842089
 -0.0000000019  0.0000000000  0.0000000000  0.0000002940  0.0000000000 -0.0004222821  0.0000000001  0.0000003126  0.0000028116  0.0235904328  0.0000000043 -0.0000975037  0.0000084882 -0.1468842089  0.0226444378
 2
  0.9877216728 -0.0006926569  0.0000050374  0.0002190711  0.0000186738  0.0000000000  0.0067044589  0.0000000000  0.0000000000  0.0000000013 -0.1099182099  0.0000000000 -0.0002811848 -0.0000000185  0.0000000059
 -0.0006926569  0.9860808566 -0.0005598883 -0.0000035256 -0.0041448834  0.0000000000  0.1170744210  0.0000000000  0.0000000000  0.0000000000  0.0010037376  0.0000000000 -0.0000014754  0.0000000000  0.0000000000
  0.0000050374 -0.0005598883  0.9792243496  0.0000000154 -0.1426307176  0.0000000000 -0.0004332144  0.0000000000  0.0000000000  0.0000000000 -0.0000028133  0.0000000000  0.0000000082  0.0000000000  0.0000000000
  0.0002190711 -0.0000035256  0.0000000154  0.9982245930  0.0000000456 -0.0000000023  0.0000126337  0.0000000000  0.0000000000  0.0000000111  0.0020733805  0.0000000001 -0.0420464958 -0.0000019613 -0.0000007834
  0.0000186738 -0.0041448834 -0.1426307176  0.0000000456  0.0207932538  0.0000000000 -0.0004385775  0.0000000000  0.0000000000  0.0000000000 -0.0000057216  0.0000000000 -0.0000000008  0.0000000000  0.0000000000
  0.0000000000  0.0000000000  0.0000000000 -0.0000000023  0.0000000000  0.0127153022  0.0000000000  0.0007894288  0.0005639274 -0.0061378790 -0.0000000001 -0.1118658443 -0.0000000538  0.0009630365  0.0003375713
  0.0067044589  0.1170744210 -0.0004332144  0.0000126337 -0.0004385775  0.0000000000  0.0139466640  0.0000000000  0.0000000000  0.0000000001 -0.0006360546  0.0000000000 -0.0000025936 -0.0000000005 -0.0000000001
  0.0000000000  0.0000000000  0.0000000000  0.0000000000  0.0000000000  0.0007894288  0.0000000000  0.9836737034 -0.1267228608  0.0000077546  0.0000000000 -0.0006647499  0.0000000001 -0.0000010269 -0.0000032722
  0.0000000000  0.0000000000  0.0000000000  0.0000000000  0.0000000000  0.0005639274  0.0000000000 -0.1267228608  0.0163601856  0.0000258716  0.0000000000 -0.0057903141  0.0000000005 -0.0000080715 -0.0000065407
  0.0000000013  0.0000000000  0.0000000000  0.0000000111  0.0000000000 -0.0061378790  0.0000000001  0.0000077546  0.0000258716  0.9997354308  0.0000000091 -0.0006859263  0.0000003138  0.0046692562 -0.0143021832
 -0.1099182099  0.0010037376 -0.0000028133  0.0020733805 -0.0000057216 -0.0000000001 -0.0006360546  0.0000000000  0.0000000000  0.0000000091  0.0122374831 -0.0000000001 -0.0000570704 -0.0000000162 -0.0000000070
  0.0000000000  0.0000000000  0.0000000000  0.0000000001  0.0000000000 -0.1118658443  0.0000000000 -0.0006647499 -0.0057903141 -0.0006859263 -0.0000000001  0.9872896324  0.0000000016 -0.0000845882  0.0006322567
 -0.0002811848 -0.0000014754  0.0000000082 -0.0420464958 -0.0000000008 -0.0000000538 -0.0000025936  0.0000000001  0.0000000005  0.0000003138 -0.0000570704  0.0000000016  0.0017711295 -0.0000475717 -0.0000155075
 -0.0000000185  0.0000000000  0.0000000000 -0.0000019613  0.0000000000  0.0009630365 -0.0000000005 -0.0000010269 -0.0000080715  0.0046692562 -0.0000000162 -0.0000845882 -0.0000475717  0.9039516861  0.2946189002
  0.0000000059  0.0000000000  0.0000000000 -0.0000007834  0.0000000000  0.0003375713 -0.0000000001 -0.0000032722 -0.0000065407 -0.0143021832 -0.0000000070  0.0006322567 -0.0000155075  0.2946189002  0.0962740568
 3
  0.1152022331  0.0037122866 -0.0000428159 -0.0025101074  0.0001318486  0.2477281798  0.0066998716  0.0006986532 -0.0030242339  0.0501076461 -0.1871437179 -0.0512095709 -0.0030988120 -0.0030813304  0.0176561449
  0.0037122866  0.1082312560  0.0025540417  0.0000418055 -0.0060736974  0.0214500137  0.1797221197 -0.0452982527  0.2433502082 -0.0008433497  0.0015901731  0.0492478604  0.0000556126  0.0000474343 -0.0002441199
 -0.0000428159  0.0025540417  0.0237028074 -0.0000003963 -0.1470850637 -0.0001297578 -0.0009139513  0.0364738340  0.0130026150  0.0000071235 -0.0000154184 -0.0004270460 -0.0000004927 -0.0000004009  0.0000020639
 -0.0025101074  0.0000418055 -0.0000003963  0.1504433674  0.0000015260  0.0014618243  0.0001143985  0.0000054344 -0.0000208513  0.0507096926  0.0059757354 -0.0004115740 -0.2098955469 -0.1099684992 -0.2627644279
  0.0001318486 -0.0060736974 -0.1470850637  0.0000015260  0.9142073417  0.0006007487  0.0031505766 -0.2340583005 -0.0443025095 -0.0000349172  0.0000579708  0.0022500745  0.0000022501  0.0000020120 -0.0000098238
  0.2477281798  0.0214500137 -0.0001297578  0.0014618243  0.0006007487  0.8853711856  0.0512299235  0.0013340307 -0.0036679209 -0.0074422474  0.0514469539 -0.1852164805  0.0009360874  0.0003664065 -0.0030184141
  0.0066998716  0.1797221197 -0.0009139513  0.0001143985  0.0031505766  0.0512299235  0.8892524657  0.0185301807 -0.0491275488 -0.0033195795  0.0039964100  0.2464093222  0.0001965602  0.0001852028 -0.0008990414
  0.0006986532 -0.0452982527  0.0364738340  0.0000054344 -0.2340583005  0.0013340307  0.0185301807  0.0962799520 -0.1687837837 -0.0000660330  0.0002175951  0.0033029267  0.0000056411  0.0000037550 -0.0000210375
 -0.0030242339  0.2433502082  0.0130026150 -0.0000208513 -0.0443025095 -0.0036679209 -0.0491275488 -0.1687837837  0.8970910082  0.0001687527 -0.0008068232 -0.0065468962 -0.0000169888 -0.0000091767  0.0000601565
  0.0501076461 -0.0008433497  0.0000071235  0.0507096926 -0.0000349172 -0.0074422474 -0.0033195795 -0.0000660330  0.0001687527  0.1207828735 -0.2368733259  0.0039856116  0.0507031487  0.0368204913 -0.2024686503
 -0.1871437179  0.0015901731 -0.0000154184  0.0059757354  0.0000579708  0.0514469539  0.0039964100  0.0002175951 -0.0008068232 -0.2368733259  0.8902841127 -0.0230016574  0.0106450368  0.0105582135 -0.0555967482
 -0.0512095709  0.0492478604 -0.0004270460 -0.0004115740  0.0022500745 -0.1852164805  0.2464093222  0.0033029267 -0.0065468962  0.0039856116 -0.0230016574  0.1135766762 -0.0004566111 -0.0002757073  0.0014534713
 -0.0030988120  0.0000556126 -0.0000004927 -0.2098955469  0.0000022501  0.0009360874  0.0001965602  0.0000056411 -0.0000169888  0.0507031487  0.0106450368 -0.0004566111  0.6983253525  0.4030940807 -0.0378314753
 -0.0030813304  0.0000474343 -0.0000004009 -0.1099684992  0.0000020120  0.0003664065  0.0001852028  0.0000037550 -0.0000091767  0.0368204913  0.0105582135 -0.0002757073  0.4030940807  0.2341232988 -0.0570500228
  0.0176561449 -0.0002441199  0.0000020639 -0.2627644279 -0.0000098238 -0.0030184141 -0.0008990414 -0.0000210375  0.0000601565 -0.2024686503 -0.0555967482  0.0014534713 -0.0378314753 -0.0570500228  0.8631260693
 4
  0.8847977674 -0.0037122867  0.0000428159  0.0025101527 -0.0001318486  0.2477281815 -0.0066998718  0.0006986532 -0.0030242339  0.0501076596  0.1871437100 -0.0512095714  0.0030991150 -0.0030809111  0.0176561677
 -0.0037122867  0.8917687440 -0.0025540417 -0.0000418062  0.0060736974  0.0214500136 -0.1797221197 -0.0452982527  0.2433502082 -0.0008433498 -0.0015901731  0.0492478604 -0.0000556175  0.0000474264 -0.0002441202
  0.0000428159 -0.0025540417  0.9762971926  0.0000003963  0.1470850637 -0.0001297578  0.0009139513  0.0364738340  0.0130026150  0.0000071235  0.0000154184 -0.0004270460  0.0000004927 -0.0000004008  0.0000020639
  0.0025101527 -0.0000418062  0.0000003963  0.8495551386 -0.0000015260  0.0014618388 -0.0001144009  0.0000054344 -0.0000208514  0.0507104021 -0.0059758641 -0.0004115809  0.2099083512 -0.1099451058 -0.2627658358
 -0.0001318486  0.0060736974  0.1470850637 -0.0000015260  0.0857926583  0.0006007487 -0.0031505766 -0.2340583005 -0.0443025095 -0.0000349172 -0.0000579708  0.0022500745 -0.0000022503  0.0000020117 -0.0000098238
  0.2477281815  0.0214500136 -0.0001297578  0.0014618388  0.0006007487  0.1146288155  0.0512299235 -0.0013340307  0.0036679209  0.0074422482  0.0514469538  0.1852164805  0.0009361378 -0.0003662632  0.0030184134
 -0.0066998718 -0.1797221197  0.0009139513 -0.0001144009 -0.0031505766  0.0512299235  0.1107475344  0.0185301807 -0.0491275488 -0.0033195800 -0.0039964096  0.2464093222 -0.0001965787  0.0001851752 -0.0008990433
  0.0006986532 -0.0452982527  0.0364738340  0.0000054344 -0.2340583005 -0.0013340307  0.0185301807  0.9037200480  0.1687837837  0.0000660330  0.0002175951 -0.0033029267  0.0000056415 -0.0000037542  0.0000210376
 -0.0030242339  0.2433502082  0.0130026150 -0.0000208514 -0.0443025095  0.0036679209 -0.0491275488  0.1687837837  0.1029089918 -0.0001687527 -0.0008068232  0.0065468962 -0.0000169899  0.0000091741 -0.0000601565
  0.0501076596 -0.0008433498  0.0000071235  0.0507104021 -0.0000349172  0.0074422482 -0.0033195800  0.0000660330 -0.0001687527  0.8792170970 -0.2368733902 -0.0039856122  0.0507068609 -0.0368138202  0.2024687328
  0.1871437100 -0.0015901731  0.0000154184 -0.0059758641 -0.0000579708  0.0514469538 -0.0039964096  0.0002175951 -0.0008068232 -0.2368733902  0.1097159254 -0.0230016570 -0.0106460906  0.0105567664 -0.0555968286
 -0.0512095714  0.0492478604 -0.0004270460 -0.0004115809  0.0022500745  0.1852164805  0.2464093222 -0.0033029267  0.0065468962 -0.0039856122 -0.0230016570  0.8864233237 -0.0004566396  0.0002756424 -0.0014534746
  0.0030991150 -0.0000556175  0.0000004927  0.2099083512 -0.0000022503  0.0009361378 -0.0001965787  0.0000056415 -0.0000169899  0.0507068609 -0.0106460906 -0.0004566396  0.3015821169  0.4030405890 -0.0378398595
 -0.0030809111  0.0000474264 -0.0000004008 -0.1099451058  0.0000020117 -0.0003662632  0.0001851752 -0.0000037542  0.0000091741 -0.0368138202  0.0105567664  0.0002756424  0.4030405890  0.7659696515  0.0570443720
  0.0176561677 -0.0002441202  0.0000020639 -0.2627658358 -0.0000098238  0.0030184134 -0.0008990433  0.0000210376 -0.0000601565  0.2024687328 -0.0555968286 -0.0014534746 -0.0378398595  0.0570443720  0.1368749948
 5
  0.4559347841  0.0017659680 -0.0000106494 -0.0024669654  0.0000101667 -0.0000000011  0.0060192876  0.0000000000  0.0000000000  0.0000000019 -0.4979769136 -0.0000000001 -0.0056403581 -0.0000002267 -0.0000000117
  0.0017659680  0.4470871401  0.0011436613  0.0000276670 -0.0035240783  0.0000000000  0.4971431321  0.0000000000  0.0000000000  0.0000000001  0.0056641908  0.0000000000  0.0000770835  0.0000000030  0.0000000003
 -0.0000106494  0.0011436613  0.3918430853 -0.0000001699 -0.4881508254  0.0000000000 -0.0030893057  0.0000000000  0.0000000000  0.0000000000 -0.0000399899  0.0000000000 -0.0000005504  0.0000000000  0.0000000000
 -0.0024669654  0.0000276670 -0.0000001699  0.5772292685  0.0000001014 -0.0000000137  0.0000221239 -0.0000000001  0.0000000001 -0.0000009128  0.0054309730  0.0000000117 -0.4939636190 -0.0000235494  0.0000007584
  0.0000101667 -0.0035240783 -0.4881508254  0.0000001014  0.6081390738  0.0000000000  0.0015142185  0.0000000000  0.0000000000  0.0000000000  0.0000175501  0.0000000000  0.0000002186  0.0000000000  0.0000000000
 -0.0000000011  0.0000000000  0.0000000000 -0.0000000137  0.0000000000  0.5448539426  0.0000000000  0.0047328458 -0.0017852068 -0.0071284267  0.0000000003 -0.4979026048 -0.0000000517  0.0009807906 -0.0019382332
  0.0060192876  0.4971431321 -0.0030893057  0.0000221239  0.0015142185  0.0000000000  0.5528880150  0.0000000000  0.0000000000  0.0000000003  0.0018693703  0.0000000000  0.0000241657  0.0000000009  0.0000000001
  0.0000000000  0.0000000000  0.0000000000 -0.0000000001  0.0000000000  0.0047328458  0.0000000000  0.4310753068 -0.4952015600 -0.0000198057  0.0000000000  0.0015473553 -0.0000000030  0.0000568198 -0.0000625710
  0.0000000000  0.0000000000  0.0000000000  0.0000000001  0.0000000000 -0.0017852068  0.0000000000 -0.4952015600  0.5688916408  0.0000258952  0.0000000000 -0.0051154982  0.0000000010 -0.0000186791  0.0000231820
  0.0000000019  0.0000000001  0.0000000000 -0.0000009128  0.0000000000 -0.0071284267  0.0000000003 -0.0000198057  0.0000258952  0.4818580000  0.0000000478  0.0017543986 -0.0000154378  0.3088969904 -0.3926825989
 -0.4979769136  0.0056641908 -0.0000399899  0.0054309730  0.0000175501  0.0000000003  0.0018693703  0.0000000000  0.0000000000  0.0000000478  0.5440377197  0.0000000003  0.0038207017  0.0000002033 -0.0000000022
 -0.0000000001  0.0000000000  0.0000000000  0.0000000117  0.0000000000 -0.4979026048  0.0000000000  0.0015473553 -0.0051154982  0.0017543986  0.0000000003  0.4551249520  0.0000002396 -0.0046227758  0.0051201163
 -0.0056403581  0.0000770835 -0.0000005504 -0.4939636190  0.0000002186 -0.0000000517  0.0000241657 -0.0000000030  0.0000000010 -0.0000154378  0.0038207017  0.0000002396  0.4228409145 -0.0000189467 -0.0000100068
 -0.0000002267  0.0000000030  0.0000000000 -0.0000235494  0.0000000000  0.0009807906  0.0000000009  0.0000568198 -0.0000186791  0.3088969904  0.0000002033 -0.0046227758 -0.0000189467  0.8158236180  0.2341276471
 -0.0000000117  0.0000000003  0.0000000000  0.0000007584  0.0000000000 -0.0019382332  0.0000000001 -0.0000625710  0.0000231820 -0.3926825989 -0.0000000022  0.0051201163 -0.0000100068  0.2341276471  0.7023725389

-----------------------------------------------

 Best value,         real 15-dimensional component spaces:  0.40652676

-----------------------------------------------

