 M_A= 5   M_B= 5
 Bell coefficients, M_A lines, M_B columns:
       | -4  0 -1 -2  0
   --------------------
     0 |  2 -1  1 -1 -1
    -1 |  2 -1  1  1  1
     0 |  1  0 -1  1  0
    -1 | -1  1  1  1  0
    -2 |  2  2  0  0  0

 Classical limit=  0.

-----------------------------------------------

 Limit with real qubits without degenerate measurements:  0.60534015

 Vector (Schmidt coefficients)  0.73440369  0.67871292

 Matrices of measurement operators of Alice (in Schmidt basis)
   dimensionalities of subspaces: 1 1 1 1 1
 1
 0.0061997 0.0784936
 0.0784936 0.9938003
 2
 0.2165656-0.4119041
-0.4119041 0.7834344
 3
 0.7785707-0.4152088
-0.4152088 0.2214293
 4
 0.8265388-0.3786455
-0.3786455 0.1734612
 5
 0.5203041-0.4995876
-0.4995876 0.4796959

 Matrices of measurement operators of Bob (in Schmidt basis)
   dimensionalities of subspaces: 1 1 1 1 1
 1
 0.1525082-0.3595128
-0.3595128 0.8474918
 2
 0.8754373-0.3302224
-0.3302224 0.1245627
 3
 0.0366918-0.1880041
-0.1880041 0.9633082
 4
 0.7493941-0.4333620
-0.4333620 0.2506059
 5
 0.6976319-0.4592838
-0.4592838 0.3023681

-----------------------------------------------

 Limit with real qubits allowing degenerate measurements:  0.62345708

 Vector (Schmidt coefficients)  0.72365810  0.69015865

 Matrices of measurement operators of Alice (in Schmidt basis)
   dimensionalities of subspaces: 1 1 1 1 1
 1
 0.9685237-0.1746012
-0.1746012 0.0314763
 2
 0.7691253-0.4213924
-0.4213924 0.2308747
 3
 0.2530903-0.4347822
-0.4347822 0.7469097
 4
 0.4188904 0.4933774
 0.4933774 0.5811096
 5
 0.1333043-0.3399033
-0.3399033 0.8666957

 Matrices of measurement operators of Bob (in Schmidt basis)
   dimensionalities of subspaces: 1 1 1 0 1
 1
 0.5928810-0.4912974
-0.4912974 0.4071190
 2
 0.0170018 0.1292779
 0.1292779 0.9829982
 3
 0.9693492 0.1723697
 0.1723697 0.0306508
 4
 0.0000000 0.0000000
 0.0000000 0.0000000
 5
 0.1855545-0.3887467
-0.3887467 0.8144455


-----------------------------------------------

 Limit with complex qubits without degenerate measurements:  0.61943747
 Note: better with real qubits with degenerate measurement

 Vector (Schmidt coefficients)  0.72502564  0.68872187

 Matrices of measurement operators of Alice (in Schmidt basis)
   dimensionalities of subspaces: 1 1 1 1 1
 1
( 0.0613704, 0.0000000)  (-0.2112128, 0.1139878)
(-0.2112128,-0.1139878)  ( 0.9386296, 0.0000000)
 2
( 0.1376735, 0.0000000)  ( 0.1293884,-0.3193402)
( 0.1293884, 0.3193402)  ( 0.8623265, 0.0000000)
 3
( 0.5213505, 0.0000000)  ( 0.4687785,-0.1726002)
( 0.4687785, 0.1726002)  ( 0.4786495, 0.0000000)
 4
( 0.7971057, 0.0000000)  ( 0.0498004,-0.3990590)
( 0.0498004, 0.3990590)  ( 0.2028943, 0.0000000)
 5
( 0.4104212, 0.0000000)  ( 0.3373962,-0.3579657)
( 0.3373962, 0.3579657)  ( 0.5895788, 0.0000000)

 Matrices of measurement operators of Bob (in Schmidt basis)
   dimensionalities of subspaces: 1 1 1 1 1
 1
( 0.0737590, 0.0000000)  ( 0.1878346, 0.1817603)
( 0.1878346,-0.1817603)  ( 0.9262410, 0.0000000)
 2
( 0.8070327, 0.0000000)  ( 0.2617885, 0.2952926)
( 0.2617885,-0.2952926)  ( 0.1929673, 0.0000000)
 3
( 0.1888192, 0.0000000)  (-0.2964144, 0.2555485)
(-0.2964144,-0.2555485)  ( 0.8111808, 0.0000000)
 4
( 0.6258552, 0.0000000)  ( 0.3144349, 0.3678195)
( 0.3144349,-0.3678195)  ( 0.3741448, 0.0000000)
 5
( 0.5686482, 0.0000000)  ( 0.3060668, 0.3893720)
( 0.3060668,-0.3893720)  ( 0.4313518, 0.0000000)

-----------------------------------------------

 Maximum value found with 4-dimensional real spaces:  0.63329671

 Vector (Schmidt coefficients)  0.38594403  0.59885837  0.40372973  0.57394962

 Matrices of measurement operators of Alice (in Schmidt basis)
   dimensionalities of subspaces: 2 3 2 2 2
 1
 0.858490-0.051321-0.342259-0.041358
-0.051321 0.421890-0.100149 0.480869
-0.342259-0.100149 0.171183-0.121278
-0.041358 0.480869-0.121278 0.548438
 2
 0.846140 0.056966-0.354901 0.031421
 0.056966 0.978909 0.131400-0.011633
-0.354901 0.131400 0.181368 0.072476
 0.031421-0.011633 0.072476 0.993583
 3
 0.912438 0.005487 0.282588-0.002927
 0.005487 0.058025-0.001847-0.233719
 0.282588-0.001847 0.087736 0.013384
-0.002927-0.233719 0.013384 0.941800
 4
 0.000790-0.004494 0.027678 0.001856
-0.004494 0.785628-0.007176-0.410299
 0.027678-0.007176 0.998985-0.014025
 0.001856-0.410299-0.014025 0.214597
 5
 0.807307-0.003735 0.394388 0.002493
-0.003735 0.033991-0.000358-0.181167
 0.394388-0.000358 0.192731-0.006605
 0.002493-0.181167-0.006605 0.965971

 Matrices of measurement operators of Bob (in Schmidt basis)
   dimensionalities of subspaces: 2 2 2 1 2
 1
 0.996438 0.002566-0.059510-0.001288
 0.002566 0.038463-0.002656 0.192275
-0.059510-0.002656 0.003717-0.012439
-0.001288 0.192275-0.012439 0.961383
 2
 0.320450-0.002478 0.466634-0.002916
-0.002478 0.289839-0.004905-0.453654
 0.466634-0.004905 0.679510-0.002218
-0.002916-0.453654-0.002218 0.710201
 3
 0.375743-0.006413-0.482996 0.035124
-0.006413 0.959021 0.009946 0.197888
-0.482996 0.009946 0.620868-0.044798
 0.035124 0.197888-0.044798 0.044369
 4
 0.000209 0.009672 0.000135-0.010734
 0.009672 0.447988 0.006275-0.497154
 0.000135 0.006275 0.000088-0.006964
-0.010734-0.497154-0.006964 0.551715
 5
 0.057561 0.122529 0.158070 0.119366
 0.122529 0.773700 0.316056-0.245324
 0.158070 0.316056 0.434893 0.347684
 0.119366-0.245324 0.347684 0.733846

-----------------------------------------------

 Maximum value found with 18-dimensional real spaces:  0.63520870

 Vector (Schmidt coefficients)
 0.073731270444 0.013034129573 0.520518621010 0.003421710138 0.023950902648 0.131688497319
 0.003228798351 0.218206198106 0.385124241609 0.044092797136 0.542630628394 0.076462326681
 0.024890955808 0.226238204425 0.042496660048 0.370740248322 0.127005668650 0.012459019743

 Matrices of measurement operators of Alice (in Schmidt basis)
   dimensionalities of subspaces:  9 10  9  8  9
 1
  0.7723311821 -0.0000105068 -0.0000004849 -0.0000002810  0.0001561473 -0.0268616996 -0.0000000767 -0.0001736996  0.0000036163  0.0955454306  0.0000007509  0.4012342833 -0.0003949191  0.0001471683  0.0494588510  0.0000003043 -0.0504964030  0.0000008316
 -0.0000105068  0.1382086531  0.0000000000  0.0221812332  0.0959801235 -0.0000003287  0.0059975753 -0.0000000017  0.0000000001 -0.0001713767  0.0000000000  0.0000008688  0.0463211682  0.0000000021  0.0003767133 -0.0000000001 -0.0000005975 -0.3274462355
 -0.0000004849  0.0000000000  0.5280998560  0.0000000000 -0.0000000001  0.0000287232  0.0000000000 -0.0009203281  0.1205771789  0.0000000119 -0.4814200153  0.0000011867  0.0000000000 -0.0019124052  0.0000000063  0.0538684107 -0.0000093132  0.0000000000
 -0.0000002810  0.0221812332  0.0000000000  0.0721666089 -0.0002094393  0.0000000013 -0.2511640936  0.0000000000  0.0000000000  0.0000013805  0.0000000000 -0.0000001566 -0.0000965128  0.0000000000  0.0000029137  0.0000000000  0.0000000014 -0.0581646565
  0.0001561473  0.0959801235 -0.0000000001 -0.0002094393  0.8029237182 -0.0000033582 -0.0000540039 -0.0000003165  0.0000000021 -0.0239136211  0.0000000001  0.0001326792  0.3807361791  0.0000001911  0.0463620895 -0.0000000016 -0.0000001828  0.0366552229
 -0.0268616996 -0.0000003287  0.0000287232  0.0000000013 -0.0000033582  0.2303897470  0.0000000004 -0.0952354080  0.0002201402 -0.0001761571 -0.0000298368  0.0508866662  0.0000001423  0.0510725521 -0.0001432566 -0.0003762612  0.4028906501 -0.0000001403
 -0.0000000767  0.0059975753  0.0000000000 -0.2511640936 -0.0000540039  0.0000000004  0.9320099895  0.0000000000  0.0000000000  0.0000006120  0.0000000000 -0.0000000435 -0.0000297422  0.0000000000  0.0000003085  0.0000000000  0.0000000004 -0.0157477722
 -0.0001736996 -0.0000000017 -0.0009203281  0.0000000000 -0.0000003165 -0.0952354080  0.0000000000  0.7681462354 -0.0290597265  0.0000137661 -0.0005482314  0.0004009312  0.0000006441 -0.4037369163  0.0000001223  0.0509343708  0.0508350214 -0.0000000013
  0.0000036163  0.0000000001  0.1205771789  0.0000000000  0.0000000021  0.0002201402  0.0000000000 -0.0290597265  0.2624692123  0.0000003812 -0.0977402776  0.0000006452 -0.0000000023 -0.0537808372  0.0000002229 -0.4071242849 -0.0001703897  0.0000000001
  0.0955454306 -0.0001713767  0.0000000119  0.0000013805 -0.0239136211 -0.0001761571  0.0000006120  0.0000137661  0.0000003812  0.2202444178  0.0000000099  0.0506070691  0.0497010628 -0.0000001491 -0.3962379612 -0.0000006625 -0.0003996615 -0.0001015992
  0.0000007509  0.0000000000 -0.4814200153  0.0000000000  0.0000000001 -0.0000298368  0.0000000000 -0.0005482314 -0.0977402776  0.0000000099  0.4394976485 -0.0000013006 -0.0000000001 -0.0010800287  0.0000000063 -0.0708491674  0.0000046472  0.0000000000
  0.4012342833  0.0000008688  0.0000011867 -0.0000001566  0.0001326792  0.0508866662 -0.0000000435  0.0004009312  0.0000006452  0.0506070691 -0.0000013006  0.2278042702 -0.0001756933 -0.0001767590  0.0261067862 -0.0000141694  0.0953320585  0.0000027920
 -0.0003949191  0.0463211682  0.0000000000 -0.0000965128  0.3807361791  0.0000001423 -0.0000297422  0.0000006441 -0.0000000023  0.0497010628 -0.0000000001 -0.0001756933  0.1985168740 -0.0000003530 -0.0960264146  0.0000000013 -0.0000129366  0.0176286951
  0.0001471683  0.0000000021 -0.0019124052  0.0000000000  0.0000001911  0.0510725521  0.0000000000 -0.4037369163 -0.0537808372 -0.0000001491 -0.0010800287 -0.0001767590 -0.0000003530  0.2322838722  0.0000035235  0.0952925947 -0.0271705365  0.0000000015
  0.0494588510  0.0003767133  0.0000000063  0.0000029137  0.0463620895 -0.0001432566  0.0000003085  0.0000001223  0.0000002229 -0.3962379612  0.0000000063  0.0261067862 -0.0960264146  0.0000035235  0.7801731880 -0.0000003466 -0.0001693373  0.0001176142
  0.0000003043 -0.0000000001  0.0538684107  0.0000000000 -0.0000000016 -0.0003762612  0.0000000000  0.0509343708 -0.4071242849 -0.0000006625 -0.0708491674 -0.0000141694  0.0000000013  0.0952925947 -0.0000003466  0.7542700338  0.0001609368 -0.0000000001
 -0.0504964030 -0.0000005975 -0.0000093132  0.0000000014 -0.0000001828  0.4028906501  0.0000000004  0.0508350214 -0.0001703897 -0.0003996615  0.0000046472  0.0953320585 -0.0000129366 -0.0271705365 -0.0001693373  0.0001609368  0.7696634103 -0.0000002327
  0.0000008316 -0.3274462355  0.0000000000 -0.0581646565  0.0366552229 -0.0000001403 -0.0157477722 -0.0000000013  0.0000000001 -0.0001015992  0.0000000000  0.0000027920  0.0176286951  0.0000000015  0.0001176142 -0.0000000001 -0.0000002327  0.8708010826
 2
  0.7723311655  0.0000105068  0.0000002823 -0.0000002810  0.0001561473  0.0268617408 -0.0000000767 -0.0001738114 -0.0000037536 -0.0955454295  0.0000009826  0.4012342965 -0.0003949192  0.0001471745 -0.0494588506 -0.0000004450  0.0504963681 -0.0000008316
  0.0000105068  0.1382086531  0.0000000000 -0.0221812332 -0.0959801235 -0.0000003287 -0.0059975753  0.0000000018  0.0000000001 -0.0001713767  0.0000000000 -0.0000008688 -0.0463211682 -0.0000000021  0.0003767133 -0.0000000001 -0.0000005975 -0.3274462355
  0.0000002823  0.0000000000  0.9950106417  0.0000000000  0.0000000002 -0.0000397167  0.0000000000  0.0000682847 -0.0600082466 -0.0000000116  0.0109672878 -0.0000005410 -0.0000000004  0.0000919952 -0.0000000073 -0.0352587375  0.0000160890  0.0000000000
 -0.0000002810 -0.0221812332  0.0000000000  0.0721666089 -0.0002094393 -0.0000000013 -0.2511640936  0.0000000000  0.0000000000 -0.0000013805  0.0000000000 -0.0000001566 -0.0000965128  0.0000000000 -0.0000029137  0.0000000000 -0.0000000014  0.0581646565
  0.0001561473 -0.0959801235  0.0000000002 -0.0002094393  0.8029237182  0.0000033582 -0.0000540039 -0.0000003165 -0.0000000021  0.0239136211  0.0000000003  0.0001326792  0.3807361791  0.0000001912 -0.0463620895  0.0000000017  0.0000001827 -0.0366552229
  0.0268617408 -0.0000003287 -0.0000397167 -0.0000000013  0.0000033582  0.2303904537 -0.0000000004  0.0952288980  0.0002258195 -0.0001761575  0.0000112679 -0.0508867689 -0.0000001423 -0.0510805646 -0.0001432567 -0.0003987350  0.4028916056 -0.0000001403
 -0.0000000767 -0.0059975753  0.0000000000 -0.2511640936 -0.0000540039 -0.0000000004  0.9320099895  0.0000000000  0.0000000000 -0.0000006120  0.0000000000 -0.0000000435 -0.0000297422  0.0000000000 -0.0000003085  0.0000000000 -0.0000000004  0.0157477722
 -0.0001738114  0.0000000018  0.0000682847  0.0000000000 -0.0000003165  0.0952288980  0.0000000000  0.7680529220  0.0295807210 -0.0000137657 -0.0017988267  0.0004011524  0.0000006440 -0.4038010699 -0.0000001224 -0.0506103753 -0.0508323032  0.0000000013
 -0.0000037536  0.0000000001 -0.0600082466  0.0000000000 -0.0000000021  0.0002258195  0.0000000000  0.0295807210  0.2744849003  0.0000003881  0.1321236577 -0.0000004995  0.0000000023  0.0549035511  0.0000002271 -0.4173676896 -0.0001758338  0.0000000001
 -0.0955454295 -0.0001713767 -0.0000000116 -0.0000013805  0.0239136211 -0.0001761575 -0.0000006120 -0.0000137657  0.0000003881  0.2202444179 -0.0000000257 -0.0506070705 -0.0497010628  0.0000001511 -0.3962379614 -0.0000006551 -0.0003996645 -0.0001015992
  0.0000009826  0.0000000000  0.0109672878  0.0000000000  0.0000000003  0.0000112679  0.0000000000 -0.0017988267  0.1321236577 -0.0000000257  0.9758799120 -0.0000014188 -0.0000000003 -0.0032969134 -0.0000000151  0.0771184899  0.0000045138  0.0000000000
  0.4012342965 -0.0000008688 -0.0000005410 -0.0000001566  0.0001326792 -0.0508867689 -0.0000000435  0.0004011524 -0.0000004995 -0.0506070705 -0.0000014188  0.2278042800 -0.0001756933 -0.0001767886 -0.0261067867  0.0000143600 -0.0953319743 -0.0000027920
 -0.0003949192 -0.0463211682 -0.0000000004 -0.0000965128  0.3807361791 -0.0000001423 -0.0000297422  0.0000006440  0.0000000023 -0.0497010628 -0.0000000003 -0.0001756933  0.1985168740 -0.0000003531  0.0960264146 -0.0000000014  0.0000129366 -0.0176286951
  0.0001471745 -0.0000000021  0.0000919952  0.0000000000  0.0000001912 -0.0510805646  0.0000000000 -0.4038010699  0.0549035511  0.0000001511 -0.0032969134 -0.0001767886 -0.0000003531  0.2323714270 -0.0000035229 -0.0945868615  0.0271737651 -0.0000000015
 -0.0494588506  0.0003767133 -0.0000000073 -0.0000029137 -0.0463620895 -0.0001432567 -0.0000003085 -0.0000001224  0.0000002271 -0.3962379614 -0.0000000151 -0.0261067867  0.0960264146 -0.0000035229  0.7801731877 -0.0000003439 -0.0001693388  0.0001176142
 -0.0000004450 -0.0000000001 -0.0352587375  0.0000000000  0.0000000017 -0.0003987350  0.0000000000 -0.0506103753 -0.4173676896 -0.0000006551  0.0771184899  0.0000143600 -0.0000000014 -0.0945868615 -0.0000003439  0.7389675691  0.0001700827 -0.0000000001
  0.0504963681 -0.0000005975  0.0000160890 -0.0000000014  0.0000001827  0.4028916056 -0.0000000004 -0.0508323032 -0.0001758338 -0.0003996645  0.0000045138 -0.0953319743  0.0000129366  0.0271737651 -0.0001693388  0.0001700827  0.7696621968 -0.0000002327
 -0.0000008316 -0.3274462355  0.0000000000  0.0581646565 -0.0366552229 -0.0000001403  0.0157477722  0.0000000013  0.0000000001 -0.0001015992  0.0000000000 -0.0000027920 -0.0176286951 -0.0000000015  0.0001176142 -0.0000000001 -0.0000002327  0.8708010826
 3
  0.9539279991  0.0000000000  0.0000000418 -0.0000000002 -0.0000283448 -0.0000000085  0.0000000008  0.0000284661  0.0000000209  0.0000000000 -0.0000000512 -0.2096410336 -0.0000566915 -0.0000616552  0.0000000000  0.0000000010 -0.0000000018  0.0000000000
  0.0000000000  0.1109740605  0.0000000000  0.0000000000  0.0000000000  0.0000000085  0.0000000000  0.0000000000  0.0000000000  0.0000260781  0.0000000000  0.0000000000  0.0000000000  0.0000000000  0.0000424691  0.0000000000 -0.0000000045  0.3141000095
  0.0000000418  0.0000000000  0.9500000530  0.0000000000  0.0000000000  0.0000050364  0.0000000000 -0.0000735487 -0.0202752468  0.0000000014  0.2169964367  0.0000000450  0.0000000000  0.0002385732 -0.0000000011  0.0011622130  0.0000025600  0.0000000000
 -0.0000000002  0.0000000000  0.0000000000  0.2931569918 -0.0000048065  0.0000000000  0.4552098087  0.0000000000  0.0000000000  0.0000000000  0.0000000000  0.0000000011  0.0000044398  0.0000000000  0.0000000000  0.0000000000  0.0000000000  0.0000000000
 -0.0000283448  0.0000000000  0.0000000000 -0.0000048065  0.9369670232  0.0000000000  0.0000048001  0.0000000100  0.0000000000  0.0000000000  0.0000000000 -0.0000547362 -0.2430222557 -0.0000000140  0.0000000000  0.0000000000  0.0000000000  0.0000000000
 -0.0000000085  0.0000000085  0.0000050364  0.0000000000  0.0000000000  0.0447358982  0.0000000000 -0.0000001782 -0.0000269954  0.0000284979  0.0000003849  0.0000000017  0.0000000000  0.0000001090  0.0000598445 -0.0000646815 -0.2067234585  0.0000000094
  0.0000000008  0.0000000000  0.0000000000  0.4552098087  0.0000048001  0.0000000000  0.7068430082  0.0000000000  0.0000000000  0.0000000000  0.0000000000  0.0000000006  0.0000037132  0.0000000000  0.0000000000  0.0000000000  0.0000000000  0.0000000000
  0.0000284661  0.0000000000 -0.0000735487  0.0000000000  0.0000000100 -0.0000001782  0.0000000000  0.9561128859 -0.0000930188  0.0000000002  0.0000732564  0.0000633252  0.0000000073  0.2048438698 -0.0000000001 -0.0000079183  0.0000001202  0.0000000000
  0.0000000209  0.0000000000 -0.0202752468  0.0000000000  0.0000000000 -0.0000269954  0.0000000000 -0.0000930188  0.0308766405 -0.0000000109 -0.0027068110 -0.0000000151  0.0000000000 -0.0000055801 -0.0000000166  0.1717697507  0.0000664692  0.0000000000
  0.0000000000  0.0000260781  0.0000000014  0.0000000000  0.0000000000  0.0000284979  0.0000000000  0.0000000002 -0.0000000109  0.0501276626  0.0000000002  0.0000000000  0.0000000000  0.0000000001  0.2182083252 -0.0000000087 -0.0000616087  0.0000401457
 -0.0000000512  0.0000000000  0.2169964367  0.0000000000  0.0000000000  0.0000003849  0.0000000000  0.0000732564 -0.0027068110  0.0000000002  0.0496873921  0.0000000300  0.0000000000  0.0000750386  0.0000000000  0.0111249165  0.0000004732  0.0000000000
 -0.2096410336  0.0000000000  0.0000000450  0.0000000011 -0.0000547362  0.0000000017  0.0000000006  0.0000633252 -0.0000000151  0.0000000000  0.0000000300  0.0460720008  0.0000282715  0.0000284573  0.0000000001 -0.0000000145  0.0000000010  0.0000000000
 -0.0000566915  0.0000000000  0.0000000000  0.0000044398 -0.2430222557  0.0000000000  0.0000037132  0.0000000073  0.0000000000  0.0000000000  0.0000000000  0.0000282715  0.0630329770  0.0000000103  0.0000000000  0.0000000000  0.0000000000  0.0000000000
 -0.0000616552  0.0000000000  0.0002385732  0.0000000000 -0.0000000140  0.0000001090  0.0000000000  0.2048438698 -0.0000055801  0.0000000001  0.0000750386  0.0000284573  0.0000000103  0.0438871744  0.0000000001  0.0001102159 -0.0000006848  0.0000000000
  0.0000000000  0.0000424691 -0.0000000011  0.0000000000  0.0000000000  0.0000598445  0.0000000000 -0.0000000001 -0.0000000166  0.2182083252  0.0000000000  0.0000000001  0.0000000000  0.0000000001  0.9498723374  0.0000000102  0.0000285203 -0.0000263437
  0.0000000010  0.0000000000  0.0011622130  0.0000000000  0.0000000000 -0.0000646815  0.0000000000 -0.0000079183  0.1717697507 -0.0000000087  0.0111249165 -0.0000000145  0.0000000000  0.0001102159  0.0000000102  0.9694358541 -0.0000268160  0.0000000000
 -0.0000000018 -0.0000000045  0.0000025600  0.0000000000  0.0000000000 -0.2067234585  0.0000000000  0.0000001202  0.0000664692 -0.0000616087  0.0000004732  0.0000000010  0.0000000000 -0.0000006848  0.0000285203 -0.0000268160  0.9552641013  0.0000000078
  0.0000000000  0.3141000095  0.0000000000  0.0000000000  0.0000000000  0.0000000094  0.0000000000  0.0000000000  0.0000000000  0.0000401457  0.0000000000  0.0000000000  0.0000000000  0.0000000000 -0.0000263437  0.0000000000  0.0000000078  0.8890259397
 4
  0.0129291812  0.0000000000 -0.0000000102 -0.0000000004 -0.0000124559 -0.0000000042  0.0000000000  0.0000172314 -0.0000000172 -0.0000000001  0.0000000434 -0.1129690543  0.0000792508  0.0000593118  0.0000000000 -0.0000000105  0.0000000013  0.0000000000
  0.0000000000  0.9998981945  0.0000000000  0.0000000000  0.0000000000 -0.0000000026  0.0000000000  0.0000000000  0.0000000000  0.0000061231  0.0000000000  0.0000000000  0.0000000000  0.0000000000 -0.0000627732  0.0000000000  0.0000000118 -0.0100891612
 -0.0000000102  0.0000000000  0.2302887913  0.0000000000  0.0000000000 -0.0000047113  0.0000000000 -0.0000219005  0.0220796958 -0.0000000013  0.4204374943 -0.0000000715  0.0000000000 -0.0005608626  0.0000000009  0.0005909902 -0.0000018623  0.0000000000
 -0.0000000004  0.0000000000  0.0000000000  0.0000000000  0.0000004459  0.0000000000  0.0000000000  0.0000000000  0.0000000000  0.0000000000  0.0000000000 -0.0000000011 -0.0000058457  0.0000000000  0.0000000000  0.0000000000  0.0000000000  0.0000000000
 -0.0000124559  0.0000000000  0.0000000000  0.0000004459  0.0057849711  0.0000000000  0.0000000372 -0.0000000011  0.0000000000  0.0000000000  0.0000000000  0.0000549934 -0.0758386577  0.0000000227  0.0000000000  0.0000000000  0.0000000000  0.0000000000
 -0.0000000042 -0.0000000026 -0.0000047113  0.0000000000  0.0000000000  0.9863286227  0.0000000000  0.0000006103 -0.0000204496  0.0000162593  0.0000028647 -0.0000000013  0.0000000000 -0.0000000977 -0.0000582524  0.0000869012 -0.1161226036 -0.0000000164
  0.0000000000  0.0000000000  0.0000000000  0.0000000000  0.0000000372  0.0000000000  0.0000000000  0.0000000000  0.0000000000  0.0000000000  0.0000000000 -0.0000000005 -0.0000004874  0.0000000000  0.0000000000  0.0000000000  0.0000000000  0.0000000000
  0.0000172314  0.0000000000 -0.0000219005  0.0000000000 -0.0000000011  0.0000006103  0.0000000000  0.0141425855 -0.0000678134 -0.0000000001  0.0001217571 -0.0000864079 -0.0000000165  0.1180785518 -0.0000000001 -0.0000260901 -0.0000001005  0.0000000000
 -0.0000000172  0.0000000000  0.0220796958  0.0000000000  0.0000000000 -0.0000204496  0.0000000000 -0.0000678134  0.9762731175 -0.0000000001 -0.0110588534 -0.0000000063  0.0000000000  0.0000431775  0.0000000256  0.1501802121 -0.0000582978  0.0000000000
 -0.0000000001  0.0000061231 -0.0000000013  0.0000000000  0.0000000000  0.0000162593  0.0000000000 -0.0000000001 -0.0000000001  0.9891445550  0.0000000010  0.0000000000  0.0000000000  0.0000000001  0.1036223667  0.0000000184  0.0000846023 -0.0000444691
  0.0000000434  0.0000000000  0.4204374943  0.0000000000  0.0000000000  0.0000028647  0.0000000000  0.0001217571 -0.0110588534  0.0000000010  0.7703019832  0.0000000532  0.0000000000  0.0002923889  0.0000000001 -0.0068375971 -0.0000015613  0.0000000000
 -0.1129690543  0.0000000000 -0.0000000715 -0.0000000011  0.0000549934 -0.0000000013 -0.0000000005 -0.0000864079 -0.0000000063  0.0000000000  0.0000000532  0.9870708181  0.0000133738  0.0000173736  0.0000000001 -0.0000000024 -0.0000000069  0.0000000000
  0.0000792508  0.0000000000  0.0000000000 -0.0000058457 -0.0758386577  0.0000000000 -0.0000004874 -0.0000000165  0.0000000000  0.0000000000  0.0000000000  0.0000133738  0.9942150256 -0.0000000013  0.0000000000  0.0000000000  0.0000000000  0.0000000000
  0.0000593118  0.0000000000 -0.0005608626  0.0000000000  0.0000000227 -0.0000000977  0.0000000000  0.1180785518  0.0000431775  0.0000000001  0.0002923889  0.0000173736 -0.0000000013  0.9858570115 -0.0000000001 -0.0001193092 -0.0000002642  0.0000000000
  0.0000000000 -0.0000627732  0.0000000009  0.0000000000  0.0000000000 -0.0000582524  0.0000000000 -0.0000000001  0.0000000256  0.1036223667  0.0000000001  0.0000000001  0.0000000000 -0.0000000001  0.0108554431  0.0000000004  0.0000159216 -0.0000040187
 -0.0000000105  0.0000000000  0.0005909902  0.0000000000  0.0000000000  0.0000869012  0.0000000000 -0.0000260901  0.1501802121  0.0000000184 -0.0068375971 -0.0000000024  0.0000000000 -0.0001193092  0.0000000004  0.0231365195 -0.0000195566  0.0000000000
  0.0000000013  0.0000000118 -0.0000018623  0.0000000000  0.0000000000 -0.1161226036  0.0000000000 -0.0000001005 -0.0000582978  0.0000846023 -0.0000015613 -0.0000000069  0.0000000000 -0.0000002642  0.0000159216 -0.0000195566  0.0136713768 -0.0000000021
  0.0000000000 -0.0100891612  0.0000000000  0.0000000000  0.0000000000 -0.0000000164  0.0000000000  0.0000000000  0.0000000000 -0.0000444691  0.0000000000  0.0000000000  0.0000000000  0.0000000000 -0.0000040187  0.0000000000 -0.0000000021  0.0001018035
 5
  0.8703964374  0.0000000000  0.0000000233 -0.0000000002 -0.0000529470 -0.0000000104  0.0000000012  0.0000549212  0.0000000102  0.0000000003 -0.0000000315 -0.3358667393 -0.0000715452 -0.0000408907 -0.0000000001  0.0000000009  0.0000000042  0.0000000000
  0.0000000000  0.2213707614  0.0000000000  0.0000000000  0.0000000000  0.0000000111  0.0000000000  0.0000000000  0.0000000000  0.0000432682  0.0000000000  0.0000000000  0.0000000000  0.0000000000  0.0000514134  0.0000000000 -0.0000000032  0.4151695351
  0.0000000233  0.0000000000  0.9721339072  0.0000000000  0.0000000000  0.0000012702  0.0000000000 -0.0000132610  0.0073786575  0.0000000004  0.1644147311  0.0000000465  0.0000000000 -0.0000435335 -0.0000000001 -0.0017097458  0.0000001793  0.0000000000
 -0.0000000002  0.0000000000  0.0000000000  0.2030100710 -0.0000073702  0.0000000000  0.4022399557  0.0000000000  0.0000000000  0.0000000000  0.0000000000  0.0000000012  0.0000063879  0.0000000000  0.0000000000  0.0000000000  0.0000000000  0.0000000000
 -0.0000529470  0.0000000000  0.0000000000 -0.0000073702  0.8444215084  0.0000000000  0.0000066252  0.0000000146  0.0000000000  0.0000000000  0.0000000000 -0.0000354769 -0.3624552667 -0.0000000074  0.0000000000  0.0000000000  0.0000000000  0.0000000000
 -0.0000000104  0.0000000111  0.0000012702  0.0000000000  0.0000000000  0.1274696290  0.0000000000 -0.0000015099 -0.0000535693  0.0000539994  0.0000011328 -0.0000000043  0.0000000000 -0.0000003333  0.0000394394 -0.0000832011 -0.3334982885  0.0000000043
  0.0000000012  0.0000000000  0.0000000000  0.4022399557  0.0000066252  0.0000000000  0.7969899291  0.0000000000  0.0000000000  0.0000000000  0.0000000000  0.0000000004  0.0000035449  0.0000000000  0.0000000000  0.0000000000  0.0000000000  0.0000000000
  0.0000549212  0.0000000000 -0.0000132610  0.0000000000  0.0000000146 -0.0000015099  0.0000000000  0.8738428609 -0.0001492808  0.0000000002  0.0001625108  0.0000812754  0.0000000062  0.3320262878  0.0000000000 -0.0000322226 -0.0000003053  0.0000000000
  0.0000000102  0.0000000000  0.0073786575  0.0000000000  0.0000000000 -0.0000535693  0.0000000000 -0.0001492808  0.1070014297 -0.0000000164 -0.0003379036 -0.0000000264  0.0000000000  0.0000218379 -0.0000000095  0.3090267581  0.0000458974  0.0000000000
  0.0000000003  0.0000432682  0.0000000004  0.0000000000  0.0000000000  0.0000539994  0.0000000000  0.0000000002 -0.0000000164  0.1359956520  0.0000000004 -0.0000000001  0.0000000000  0.0000000002  0.3427839306 -0.0000000086 -0.0000787207  0.0000245247
 -0.0000000315  0.0000000000  0.1644147311  0.0000000000  0.0000000000  0.0000011328  0.0000000000  0.0001625108 -0.0003379036  0.0000000004  0.0278306243  0.0000000409  0.0000000000  0.0000540680  0.0000000002 -0.0048716822 -0.0000009741  0.0000000000
 -0.3358667393  0.0000000000  0.0000000465  0.0000000012 -0.0000354769 -0.0000000043  0.0000000004  0.0000812754 -0.0000000264 -0.0000000001  0.0000000409  0.1296035639  0.0000516054  0.0000547128  0.0000000001 -0.0000000197  0.0000000197  0.0000000000
 -0.0000715452  0.0000000000  0.0000000000  0.0000063879 -0.3624552667  0.0000000000  0.0000035449  0.0000000062  0.0000000000  0.0000000000  0.0000000000  0.0000516054  0.1555784969  0.0000000146  0.0000000000  0.0000000000  0.0000000000  0.0000000000
 -0.0000408907  0.0000000000 -0.0000435335  0.0000000000 -0.0000000074 -0.0000003333  0.0000000000  0.3320262878  0.0000218379  0.0000000002  0.0000540680  0.0000547128  0.0000000146  0.1261571350  0.0000000000  0.0002156799 -0.0000008146  0.0000000000
 -0.0000000001  0.0000514134 -0.0000000001  0.0000000000  0.0000000000  0.0000394394  0.0000000000  0.0000000000 -0.0000000095  0.3427839306  0.0000000002  0.0000000001  0.0000000000  0.0000000000  0.8640043511  0.0000000160  0.0000544946 -0.0000462969
  0.0000000009  0.0000000000 -0.0017097458  0.0000000000  0.0000000000 -0.0000832011  0.0000000000 -0.0000322226  0.3090267581 -0.0000000086 -0.0048716822 -0.0000000197  0.0000000000  0.0002156799  0.0000000160  0.8930340300 -0.0000547769  0.0000000000
  0.0000000042 -0.0000000032  0.0000001793  0.0000000000  0.0000000000 -0.3334982885  0.0000000000 -0.0000003053  0.0000458974 -0.0000787207 -0.0000009741  0.0000000197  0.0000000000 -0.0000008146  0.0000544946 -0.0000547769  0.8725303710  0.0000000111
  0.0000000000  0.4151695351  0.0000000000  0.0000000000  0.0000000000  0.0000000043  0.0000000000  0.0000000000  0.0000000000  0.0000245247  0.0000000000  0.0000000000  0.0000000000  0.0000000000 -0.0000462969  0.0000000000  0.0000000111  0.7786292418

 Matrices of measurement operators of Bob (in Schmidt basis)
   dimensionalities of subspaces:  9  9  9  1  9
 1
  0.9792023599  0.0000000000 -0.0000000023 -0.0000000243  0.0000277658  0.0000000027  0.0000000005 -0.0000402364  0.0000000016  0.0000000004  0.0000001416  0.1427060501 -0.0002801180  0.0000260489  0.0000000001 -0.0000000066 -0.0000000053  0.0000000000
  0.0000000000  0.0006870575  0.0000000000  0.0000000000  0.0000000000 -0.0000000225  0.0000000000  0.0000000000  0.0000000000 -0.0000323194  0.0000000000  0.0000000000  0.0000000000  0.0000000000  0.0002400402  0.0000000000 -0.0000001202 -0.0262016567
 -0.0000000023  0.0000000000  0.9543079048  0.0000000000  0.0000000000  0.0000016329  0.0000000000 -0.0001408289  0.0138306743  0.0000000020 -0.2083366528  0.0000002072  0.0000000000 -0.0001366710  0.0000000001  0.0029733261  0.0000002984  0.0000000000
 -0.0000000243  0.0000000000  0.0000000000  0.0024756846 -0.0000637043  0.0000000000  0.0496945815  0.0000000000  0.0000000000  0.0000000000  0.0000000000 -0.0000000048 -0.0000070869  0.0000000000  0.0000000000  0.0000000000  0.0000000000  0.0000000000
  0.0000277658  0.0000000000  0.0000000000 -0.0000637043  0.9883365925  0.0000000000  0.0000035333 -0.0000000201  0.0000000000  0.0000000000  0.0000000000  0.0000224974  0.1073655767  0.0000000144  0.0000000000  0.0000000000  0.0000000000  0.0000000000
  0.0000000027 -0.0000000225  0.0000016329  0.0000000000  0.0000000000  0.0217017784  0.0000000000 -0.0000025551  0.0000493705 -0.0000409100 -0.0000009270  0.0000000046  0.0000000000  0.0000003273 -0.0000250659 -0.0002961584  0.1457076482 -0.0000000096
  0.0000000005  0.0000000000  0.0000000000  0.0496945815  0.0000035333  0.0000000000  0.9975243196  0.0000000000  0.0000000000  0.0000000000  0.0000000000 -0.0000000014 -0.0000029584  0.0000000000  0.0000000000  0.0000000000  0.0000000000  0.0000000000
 -0.0000402364  0.0000000000 -0.0001408289  0.0000000000 -0.0000000201 -0.0000025551  0.0000000000  0.9777462306  0.0000266288  0.0000000003 -0.0005307692  0.0002967405  0.0000001488 -0.1475064219  0.0000000000  0.0000515477  0.0000004156  0.0000000000
  0.0000000016  0.0000000000  0.0138306743  0.0000000000  0.0000000000  0.0000493705  0.0000000000  0.0000266288  0.0312891050  0.0000000348 -0.0034324806  0.0000000139  0.0000000000 -0.0000598596  0.0000000177 -0.1735137449 -0.0000319747  0.0000000000
  0.0000000004 -0.0000323194  0.0000000020  0.0000000000  0.0000000000 -0.0000409100  0.0000000000  0.0000000003  0.0000000348  0.0182368299 -0.0000000011  0.0000000001  0.0000000000 -0.0000000002 -0.1338064249 -0.0000001620 -0.0002925734 -0.0000156888
  0.0000001416  0.0000000000 -0.2083366528  0.0000000000  0.0000000000 -0.0000009270  0.0000000000 -0.0005307692 -0.0034324806 -0.0000000011  0.0454881553 -0.0000001985 -0.0000000001  0.0001152605 -0.0000000001  0.0016568523  0.0000009211  0.0000000000
  0.1427060501  0.0000000000  0.0000002072 -0.0000000048  0.0000224974  0.0000000046 -0.0000000014  0.0002967405  0.0000000139  0.0000000001 -0.0000001985  0.0207976508 -0.0000388192 -0.0000418558  0.0000000000  0.0000000058  0.0000000330  0.0000000000
 -0.0002801180  0.0000000000  0.0000000000 -0.0000070869  0.1073655767  0.0000000000 -0.0000029584  0.0000001488  0.0000000000  0.0000000000 -0.0000000001 -0.0000388192  0.0116634839 -0.0000000270  0.0000000000  0.0000000000  0.0000000000  0.0000000000
  0.0000260489  0.0000000000 -0.0001366710  0.0000000000  0.0000000144  0.0000003273  0.0000000000 -0.1475064219 -0.0000598596 -0.0000000002  0.0001152605 -0.0000418558 -0.0000000270  0.0222534846  0.0000000001  0.0002907020  0.0000001740  0.0000000000
  0.0000000001  0.0002400402  0.0000000001  0.0000000000  0.0000000000 -0.0000250659  0.0000000000  0.0000000000  0.0000000177 -0.1338064249 -0.0000000001  0.0000000000  0.0000000000  0.0000000001  0.9817632001 -0.0000000258 -0.0000369725  0.0000042710
 -0.0000000066  0.0000000000  0.0029733261  0.0000000000  0.0000000000 -0.0002961584  0.0000000000  0.0000515477 -0.1735137449 -0.0000001620  0.0016568523  0.0000000058  0.0000000000  0.0002907020 -0.0000000258  0.9689149369  0.0000396975  0.0000000000
 -0.0000000053 -0.0000001202  0.0000002984  0.0000000000  0.0000000000  0.1457076482  0.0000000000  0.0000004156 -0.0000319747 -0.0002925734  0.0000009211  0.0000000330  0.0000000000  0.0000001740 -0.0000369725  0.0000396975  0.9782982246 -0.0000000063
  0.0000000000 -0.0262016567  0.0000000000  0.0000000000  0.0000000000 -0.0000000096  0.0000000000  0.0000000000  0.0000000000 -0.0000156888  0.0000000000  0.0000000000  0.0000000000  0.0000000000  0.0000042710  0.0000000000 -0.0000000063  0.9993130010
 2
  0.4043967320  0.0000000000  0.0000001636  0.0000000159 -0.0001124170 -0.0000000018  0.0000000128  0.0001248909 -0.0000000003  0.0000000001 -0.0000001921 -0.4907748498  0.0001498416 -0.0001061212  0.0000000001 -0.0000000067 -0.0000000045  0.0000000000
  0.0000000000  0.7138760703  0.0000000000  0.0000000000  0.0000000000  0.0000000722  0.0000000000  0.0000000000  0.0000000000  0.0001094611  0.0000000000  0.0000000000  0.0000000000  0.0000000000 -0.0001375981  0.0000000000  0.0000000883  0.4519480011
  0.0000001636  0.0000000000  0.7265742052  0.0000000000  0.0000000000 -0.0000020085  0.0000000000 -0.0004437991  0.0014391726 -0.0000000014  0.4456906985 -0.0000001800  0.0000000000 -0.0002948473 -0.0000000013  0.0046449603  0.0000022341  0.0000000000
  0.0000000159  0.0000000000  0.0000000000  0.5997544388  0.0000330463  0.0000000000  0.4899480078  0.0000000000  0.0000000000  0.0000000000  0.0000000000  0.0000000124  0.0000233270  0.0000000000  0.0000000000  0.0000000000  0.0000000000  0.0000000000
 -0.0001124170  0.0000000000  0.0000000000  0.0000330463  0.3675163448  0.0000000000  0.0000251622  0.0000000768  0.0000000000  0.0000000000  0.0000000000 -0.0000949561 -0.4821286734 -0.0000000671  0.0000000000  0.0000000000  0.0000000000  0.0000000000
 -0.0000000018  0.0000000722 -0.0000020085  0.0000000000  0.0000000000  0.5924165256  0.0000000000 -0.0000002892 -0.0001382632  0.0001250186  0.0000027222  0.0000000044  0.0000000000  0.0000003361  0.0001031293  0.0001559034 -0.4913848961  0.0000000482
  0.0000000128  0.0000000000  0.0000000000  0.4899480078  0.0000251622  0.0000000000  0.4002455585  0.0000000000  0.0000000000  0.0000000000  0.0000000000  0.0000000116  0.0000214617  0.0000000000  0.0000000000  0.0000000000  0.0000000000  0.0000000000
  0.0001248909  0.0000000000 -0.0004437991  0.0000000000  0.0000000768 -0.0000002892  0.0000000000  0.4096125565 -0.0000729846  0.0000000000  0.0004603697 -0.0001536653 -0.0000001028  0.4917617825  0.0000000000  0.0000767894  0.0000003844  0.0000000000
 -0.0000000003  0.0000000000  0.0014391726  0.0000000000  0.0000000000 -0.0001382632  0.0000000000 -0.0000729846  0.5583241822 -0.0000000929 -0.0060950670 -0.0000000062  0.0000000000 -0.0000752907 -0.0000000785  0.4965471029  0.0001150869  0.0000000000
  0.0000000001  0.0001094611 -0.0000000014  0.0000000000  0.0000000000  0.0001250186  0.0000000000  0.0000000000 -0.0000000929  0.6049946464  0.0000000014  0.0000000001  0.0000000000 -0.0000000001  0.4888517855  0.0000001073  0.0001528232  0.0000716036
 -0.0000001921  0.0000000000  0.4456906985  0.0000000000  0.0000000000  0.0000027222  0.0000000000  0.0004603697 -0.0060950670  0.0000000014  0.2734813746  0.0000002408  0.0000000000  0.0006985171  0.0000000011 -0.0033561679 -0.0000019142  0.0000000000
 -0.4907748498  0.0000000000 -0.0000001800  0.0000000124 -0.0000949561  0.0000000044  0.0000000116 -0.0001536653 -0.0000000062  0.0000000001  0.0000002408  0.5956032605  0.0001216967  0.0001262697  0.0000000000  0.0000000017  0.0000000037  0.0000000000
  0.0001498416  0.0000000000  0.0000000000  0.0000233270 -0.4821286734  0.0000000000  0.0000214617 -0.0000001028  0.0000000000  0.0000000000  0.0000000000  0.0001216967  0.6324835990  0.0000000841  0.0000000000  0.0000000000  0.0000000000  0.0000000000
 -0.0001061212  0.0000000000 -0.0002948473  0.0000000000 -0.0000000671  0.0000003361  0.0000000000  0.4917617825 -0.0000752907 -0.0000000001  0.0006985171  0.0001262697  0.0000000841  0.5903865624 -0.0000000001  0.0001042590 -0.0000001050  0.0000000000
  0.0000000001 -0.0001375981 -0.0000000013  0.0000000000  0.0000000000  0.0001031293  0.0000000000  0.0000000000 -0.0000000785  0.4888517855  0.0000000011  0.0000000000  0.0000000000 -0.0000000001  0.3950053325  0.0000000846  0.0001217343 -0.0000852496
 -0.0000000067  0.0000000000  0.0046449603  0.0000000000  0.0000000000  0.0001559034  0.0000000000  0.0000767894  0.4965471029  0.0000001073 -0.0033561679  0.0000000017  0.0000000000  0.0001042590  0.0000000846  0.4416212588 -0.0001289539  0.0000000000
 -0.0000000045  0.0000000883  0.0000022341  0.0000000000  0.0000000000 -0.4913848961  0.0000000000  0.0000003844  0.0001150869  0.0001528232 -0.0000019142  0.0000000037  0.0000000000 -0.0000001050  0.0001217343 -0.0001289539  0.4075834655  0.0000000549
  0.0000000000  0.4519480011  0.0000000000  0.0000000000  0.0000000000  0.0000000482  0.0000000000  0.0000000000  0.0000000000  0.0000716036  0.0000000000  0.0000000000  0.0000000000  0.0000000000 -0.0000852496  0.0000000000  0.0000000549  0.2861238865
 3
  0.2981546775  0.0000000000 -0.0000007901 -0.0000000134  0.0000681084  0.0000000045 -0.0000000044 -0.0000766963  0.0000000104  0.0000000002  0.0000003540  0.4574477025 -0.0001238510  0.0001985484 -0.0000000004  0.0000000308  0.0000000261  0.0000000000
  0.0000000000  0.5791154405  0.0000000000  0.0000000000  0.0000000000 -0.0000000532  0.0000000000  0.0000000000  0.0000000000 -0.0000801954  0.0000000000  0.0000000000  0.0000000000  0.0000000000  0.0001100827  0.0000000000 -0.0000000579 -0.4937010518
 -0.0000007901  0.0000000000  0.0403645889  0.0000000000 -0.0000000007 -0.0000210179  0.0000000000  0.0013584357  0.0676145795 -0.0000000131 -0.1807241876 -0.0000000393 -0.0000000001 -0.0016922885  0.0000000378 -0.0386990224 -0.0000391425  0.0000000000
 -0.0000000134  0.0000000000  0.0000000000  0.2096812137 -0.0000314009  0.0000000000 -0.4070810728  0.0000000000  0.0000000000  0.0000000000  0.0000000000 -0.0000000241 -0.0000384133  0.0000000000  0.0000000000  0.0000000000  0.0000000000  0.0000000000
  0.0000681084  0.0000000000 -0.0000000007 -0.0000314009  0.3339007906  0.0000000000 -0.0000092954 -0.0000000434  0.0000000000  0.0000000000  0.0000000001  0.0001824663  0.4716047218  0.0000001467  0.0000000000  0.0000000000  0.0000000000  0.0000000000
  0.0000000045 -0.0000000532 -0.0000210179  0.0000000000  0.0000000000  0.7048492782  0.0000000000 -0.0000012366  0.0000927971 -0.0000788278 -0.0000065734 -0.0000000254  0.0000000000 -0.0000019027 -0.0001943267 -0.0001300888  0.4561104068 -0.0000001146
 -0.0000000044  0.0000000000  0.0000000000 -0.4070810728 -0.0000092954  0.0000000000  0.7903187894  0.0000000000  0.0000000000  0.0000000000  0.0000000000 -0.0000000164 -0.0000246563  0.0000000000  0.0000000000  0.0000000000  0.0000000000  0.0000000000
 -0.0000766963  0.0000000000  0.0013584357  0.0000000000 -0.0000000434 -0.0000012366  0.0000000000  0.2931030947  0.0000297925  0.0000000002 -0.0007206442  0.0001290379  0.0000000684 -0.4551826852  0.0000000006 -0.0000746385 -0.0000018795  0.0000000000
