 M_A= 5   M_B= 5
 Bell coefficients, M_A lines, M_B columns:
       |  0 -1  0 -1 -1
   --------------------
     0 | -1 -1 -1  1  0
    -1 | -1  1  0  1  0
     0 | -1  0  0 -1  1
    -1 |  1  1 -1  1  1
    -1 |  0  0  1  1  0

 Classical limit=  0.

-----------------------------------------------

 Limit with real qubits without degenerate measurements:  0.32762739

 Vector (Schmidt coefficients)  0.73808818  0.67470426

 Matrices of measurement operators of Alice (in Schmidt basis)
   dimensionalities of subspaces: 1 1 1 1 1
 1
 0.5229842 0.4994714
 0.4994714 0.4770158
 2
 0.9768763 0.1502964
 0.1502964 0.0231237
 3
 0.3577653 0.4793426
 0.4793426 0.6422347
 4
 0.9960476 0.0627439
 0.0627439 0.0039524
 5
 0.7740560-0.4182025
-0.4182025 0.2259440

 Matrices of measurement operators of Bob (in Schmidt basis)
   dimensionalities of subspaces: 1 1 1 1 1
 1
 0.5229838-0.4994715
-0.4994715 0.4770162
 2
 0.9768762-0.1502966
-0.1502966 0.0231238
 3
 0.3577650-0.4793425
-0.4793425 0.6422350
 4
 0.9960476-0.0627441
-0.0627441 0.0039524
 5
 0.7740563 0.4182022
 0.4182022 0.2259437

-----------------------------------------------

 Limit with real qubits allowing degenerate measurements:  0.47941026

 Vector (Schmidt coefficients)  0.70710678  0.70710678

 Matrices of measurement operators of Alice (in Schmidt basis)
   dimensionalities of subspaces: 0 1 1 1 1
 1
 0.0000000 0.0000000
 0.0000000 0.0000000
 2
 0.9111460 0.2845329
 0.2845329 0.0888540
 3
 0.5408392-0.4983294
-0.4983294 0.4591608
 4
 0.9956177-0.0660535
-0.0660535 0.0043823
 5
 0.4591606 0.4983294
 0.4983294 0.5408394

 Matrices of measurement operators of Bob (in Schmidt basis)
   dimensionalities of subspaces: 0 1 1 1 1
 1
 0.0000000 0.0000000
 0.0000000 0.0000000
 2
 0.9860892 0.1171207
 0.1171207 0.0139108
 3
 0.1555262 0.3624055
 0.3624055 0.8444738
 4
 0.7808738 0.4136544
 0.4136544 0.2191262
 5
 0.8444736-0.3624058
-0.3624058 0.1555264


-----------------------------------------------

 Maximum value found with 4-dimensional real spaces:  0.48941643

 Vector (Schmidt coefficients)  0.51031724  0.53297695  0.46746773  0.48681188

 Matrices of measurement operators of Alice (in Schmidt basis)
   dimensionalities of subspaces: 1 1 2 2 2
 1
 0.000753 0.014604-0.004701 0.022735
 0.014604 0.283302-0.091188 0.441037
-0.004701-0.091188 0.029351-0.141959
 0.022735 0.441037-0.141959 0.686594
 2
 0.008966 0.089974 0.022793 0.016466
 0.089974 0.902856 0.228715 0.165231
 0.022793 0.228715 0.057939 0.041857
 0.016466 0.165231 0.041857 0.030239
 3
 0.714485-0.421478-0.121232-0.107960
-0.421478 0.267469-0.049371 0.125891
-0.121232-0.049371 0.796326-0.380863
-0.107960 0.125891-0.380863 0.221720
 4
 0.060256-0.236155-0.025695 0.013986
-0.236155 0.931765 0.085503 0.022348
-0.025695 0.085503 0.048085-0.194427
 0.013986 0.022348-0.194427 0.959895
 5
 0.348863 0.466458 0.095565-0.021025
 0.466458 0.631233 0.075755-0.097243
 0.095565 0.075755 0.385016 0.471070
-0.021025-0.097243 0.471070 0.634887

 Matrices of measurement operators of Bob (in Schmidt basis)
   dimensionalities of subspaces: 1 1 2 2 2
 1
 0.000752-0.014593 0.004701 0.022717
-0.014593 0.283302-0.091261-0.441022
 0.004701-0.091261 0.029398 0.142068
 0.022717-0.441022 0.142068 0.686548
 2
 0.008969-0.089990-0.022793 0.016473
-0.089990 0.902857 0.228681-0.165268
-0.022793 0.228681 0.057921-0.041860
 0.016473-0.165268-0.041860 0.030252
 3
 0.714471 0.421478 0.121209-0.108012
 0.421478 0.267464-0.049358-0.125883
 0.121209-0.049358 0.796468 0.380761
-0.108012-0.125883 0.380761 0.221598
 4
 0.060254 0.236153 0.025699 0.013967
 0.236153 0.931762 0.085517-0.022362
 0.025699 0.085517 0.048152 0.194577
 0.013967-0.022362 0.194577 0.959831
 5
 0.348873-0.466463-0.095570-0.020973
-0.466463 0.631239 0.075734 0.097229
-0.095570 0.075734 0.384847-0.471032
-0.020973 0.097229-0.471032 0.635041

-----------------------------------------------

 Best value,          real 4-dimensional component spaces:  0.48941643

-----------------------------------------------

 Upper limits (value, difference)

 Level 1 +ab            :    0.510019    0.020603
 Level 2                :    0.497699    0.008282
 Level 2 +aab           :    0.489416    0.000000
 Limit reached, maximum value is known
