 M_A= 5   M_B= 5
 Bell coefficients, M_A lines, M_B columns:
       | -1  0  0 -2 -1
   --------------------
     0 |  1 -1 -1  0  0
    -1 |  0 -1  1  1  1
    -1 |  1  1  0  0  1
     0 | -1  0  0  1  0
     0 |  0  0 -1  1  0

 Classical limit=  0.

-----------------------------------------------

 Limit with real qubits without degenerate measurements:  0.44660244

 Vector (Schmidt coefficients)  0.73345490  0.67973812

 Matrices of measurement operators of Alice (in Schmidt basis)
   dimensionalities of subspaces: 1 1 1 1 1
 1
 0.0097110-0.0980646
-0.0980646 0.9902890
 2
 0.7570296 0.4288774
 0.4288774 0.2429704
 3
 0.8227904-0.3818459
-0.3818459 0.1772096
 4
 0.5231484 0.4994639
 0.4994639 0.4768516
 5
 0.0900760 0.2862907
 0.2862907 0.9099240

 Matrices of measurement operators of Bob (in Schmidt basis)
   dimensionalities of subspaces: 1 1 1 1 1
 1
 0.3860344-0.4868386
-0.4868386 0.6139656
 2
 0.7945661-0.4040184
-0.4040184 0.2054339
 3
 0.9888913 0.1048105
 0.1048105 0.0111087
 4
 0.4314205 0.4952745
 0.4952745 0.5685795
 5
 0.9983726 0.0403085
 0.0403085 0.0016274


-----------------------------------------------

 Limit with complex qubits without degenerate measurements:  0.44984909

 Vector (Schmidt coefficients)  0.73322677  0.67998419

 Matrices of measurement operators of Alice (in Schmidt basis)
   dimensionalities of subspaces: 1 1 1 1 1
 1
( 0.0957059, 0.0000000)  (-0.2930890, 0.0253991)
(-0.2930890,-0.0253991)  ( 0.9042941, 0.0000000)
 2
( 0.3495820, 0.0000000)  ( 0.4697654,-0.0818225)
( 0.4697654, 0.0818225)  ( 0.6504180, 0.0000000)
 3
( 0.7268591, 0.0000000)  (-0.1341542,-0.4248971)
(-0.1341542, 0.4248971)  ( 0.2731409, 0.0000000)
 4
( 0.3378672, 0.0000000)  ( 0.4005228, 0.2515839)
( 0.4005228,-0.2515839)  ( 0.6621328, 0.0000000)
 5
( 0.0496983, 0.0000000)  (-0.0089962, 0.2171347)
(-0.0089962,-0.2171347)  ( 0.9503017, 0.0000000)

 Matrices of measurement operators of Bob (in Schmidt basis)
   dimensionalities of subspaces: 1 1 1 1 1
 1
( 0.4748340, 0.0000000)  (-0.3925009, 0.3087227)
(-0.3925009,-0.3087227)  ( 0.5251660, 0.0000000)
 2
( 0.9199599, 0.0000000)  (-0.1749664, 0.2074137)
(-0.1749664,-0.2074137)  ( 0.0800401, 0.0000000)
 3
( 0.8119672, 0.0000000)  ( 0.3602241, 0.1513773)
( 0.3602241,-0.1513773)  ( 0.1880328, 0.0000000)
 4
( 0.1761339, 0.0000000)  ( 0.3474854,-0.1560918)
( 0.3474854, 0.1560918)  ( 0.8238661, 0.0000000)
 5
( 0.5625677, 0.0000000)  ( 0.2739246, 0.4135826)
( 0.2739246,-0.4135826)  ( 0.4374323, 0.0000000)

-----------------------------------------------

 Maximum value found with 5-dimensional real spaces:  0.45901084

 Vector (Schmidt coefficients)  0.34056919  0.51357800  0.45486953  0.47695888  0.43110811

 Matrices of measurement operators of Alice (in Schmidt basis)
   dimensionalities of subspaces: 2 3 3 3 3
 1
 0.932945-0.026206-0.240508 0.054048 0.033263
-0.026206 0.070960-0.064718-0.185989-0.162658
-0.240508-0.064718 0.134748 0.173821 0.156028
 0.054048-0.185989 0.173821 0.487714 0.426758
 0.033263-0.162658 0.156028 0.426758 0.373632
 2
 0.996872-0.010128 0.047068 0.027683 0.005828
-0.010128 0.478358-0.166432 0.467927-0.052662
 0.047068-0.166432 0.083830-0.169821-0.134345
 0.027683 0.467927-0.169821 0.462264 0.003778
 0.005828-0.052662-0.134345 0.003778 0.978675
 3
 0.979027-0.049953-0.080607-0.052416-0.093772
-0.049953 0.870922-0.178787-0.213792-0.179582
-0.080607-0.178787 0.672958-0.085252-0.417559
-0.052416-0.213792-0.085252 0.085866 0.150899
-0.093772-0.179582-0.417559 0.150899 0.391228
 4
 0.655241 0.060594 0.450021 0.070222-0.121568
 0.060594 0.316063 0.013984 0.381766 0.257983
 0.450021 0.013984 0.399711-0.146145 0.125975
 0.070222 0.381766-0.146145 0.755006-0.113741
-0.121568 0.257983 0.125975-0.113741 0.873978
 5
 0.989211 0.048756 0.068873 0.021149-0.055720
 0.048756 0.024651 0.085804 0.003579 0.119546
 0.068873 0.085804 0.351548-0.187145 0.425245
 0.021149 0.003579-0.187145 0.945524 0.126591
-0.055720 0.119546 0.425245 0.126591 0.689066

 Matrices of measurement operators of Bob (in Schmidt basis)
   dimensionalities of subspaces: 2 2 2 3 3
 1
 0.726127-0.016926-0.427703-0.024460 0.122687
-0.016926 0.507071-0.083154-0.365355-0.330553
-0.427703-0.083154 0.269041 0.081661-0.012037
-0.024460-0.365355 0.081661 0.265097 0.232529
 0.122687-0.330553-0.012037 0.232529 0.232664
 2
 0.009316 0.012658 0.091523-0.005097-0.025812
 0.012658 0.861116 0.023249-0.334199 0.084885
 0.091523 0.023249 0.911290-0.010862-0.267966
-0.005097-0.334199-0.010862 0.129707-0.032398
-0.025812 0.084885-0.267966-0.032398 0.088572
 3
 0.007590-0.049373 0.049121-0.007530-0.051236
-0.049373 0.806324-0.180408 0.345269-0.044386
 0.049121-0.180408 0.357798 0.036230-0.439893
-0.007530 0.345269 0.036230 0.188414-0.179816
-0.051236-0.044386-0.439893-0.179816 0.639874
 4
 0.942625 0.044492 0.217068 0.044109-0.055134
 0.044492 0.177276-0.061613 0.349525 0.133812
 0.217068-0.061613 0.164321-0.218830 0.196261
 0.044109 0.349525-0.218830 0.779278-0.001944
-0.055134 0.133812 0.196261-0.001944 0.936500
 5
 0.997138-0.019460-0.042692-0.001440-0.025510
-0.019460 0.808029-0.250734 0.221323-0.207095
-0.042692-0.250734 0.337072-0.174536-0.358192
-0.001440 0.221323-0.174536 0.104103 0.117544
-0.025510-0.207095-0.358192 0.117544 0.753659

-----------------------------------------------

 Best value,          real 5-dimensional component spaces:  0.45901084

-----------------------------------------------

 Upper limits (value, difference)

 Level 1 +ab            :    0.476358    0.017348
 Level 2                :    0.466239    0.007228
 Level 2 +aab           :    0.459130    0.000119
 Level 2 +  85%(aab+abb):    0.459011    0.000000
 Limit reached, maximum value is known
