 M_A= 5   M_B= 5
 Bell coefficients, M_A lines, M_B columns:
       |  0 -2  0 -1  0
   --------------------
     0 | -1  0 -1  1 -1
    -1 | -1  0 -1  1  1
    -1 |  1  1  0  1  0
     0 | -1  1  0  0  0
    -1 |  0  1  1  0  0

 Classical limit=  0.

-----------------------------------------------

 Limit with real qubits without degenerate measurements:  0.38573065

 Vector (Schmidt coefficients)  0.72319456  0.69064435

 Matrices of measurement operators of Alice (in Schmidt basis)
   dimensionalities of subspaces: 1 1 1 1 1
 1
 0.0869591-0.2817752
-0.2817752 0.9130409
 2
 0.3523664-0.4777074
-0.4777074 0.6476336
 3
 0.0957035 0.2941842
 0.2941842 0.9042965
 4
 0.0233114-0.1508906
-0.1508906 0.9766886
 5
 0.3069063 0.4612102
 0.4612102 0.6930937

 Matrices of measurement operators of Bob (in Schmidt basis)
   dimensionalities of subspaces: 1 1 1 1 1
 1
 0.7192359 0.4493725
 0.4493725 0.2807641
 2
 0.0619702 0.2411015
 0.2411015 0.9380298
 3
 0.6359630 0.4811591
 0.4811591 0.3640370
 4
 0.0516169-0.2212523
-0.2212523 0.9483831
 5
 0.9024112-0.2967579
-0.2967579 0.0975888

-----------------------------------------------

 Maximum value found with 18-dimensional real spaces:  0.40255222

 Vector (Schmidt coefficients)
 0.209102772796 0.113528254204 0.072846716542 0.459192427488 0.434089153073 0.131503705461
 0.138034222176 0.196220663188 0.079353742059 0.075271950938 0.217476084946 0.146120453452
 0.099724584578 0.176959991160 0.314068053609 0.231611651980 0.282261745073 0.331837735637

 Matrices of measurement operators of Alice (in Schmidt basis)
   dimensionalities of subspaces:  7  7 11 11 11
 1
  0.0890682402 -0.0009542692  0.0000153922  0.0000660715 -0.0001302766  0.0036114362 -0.0003182821 -0.1690743416 -0.0000010899  0.0000048938  0.0507611554 -0.0015763382 -0.0000363493  0.0216201488 -0.0035651928 -0.2217105545 -0.0178794452  0.0005592308
 -0.0009542692  0.9550612825 -0.0004656950  0.0000140992  0.0000210189  0.1431239454 -0.0203487027  0.0165514507 -0.0096426310 -0.0034239613 -0.0209821213 -0.0186059543  0.1081901536  0.0954756522 -0.0000428360 -0.0057904150 -0.0004895554 -0.0000480985
  0.0000153922 -0.0004656950  0.0942079085  0.0000001543  0.0000002669 -0.0010378472 -0.0031875116  0.0000869907  0.2739807664  0.0975407829 -0.0001706998 -0.0045561322  0.0268325332  0.0009363399  0.0000016211 -0.0000521085 -0.0000032043 -0.0000008676
  0.0000660715  0.0000140992  0.0000001543  0.6377369712 -0.4681712946  0.0000011153 -0.0000066046  0.0001170058 -0.0000000975 -0.0000000543  0.0001403677 -0.0000195469  0.0000018311 -0.0000454847 -0.0001032472 -0.0001872010  0.0005780945 -0.1088289730
 -0.0001302766  0.0000210189  0.0000002669 -0.4681712946  0.3469181733 -0.0000001981 -0.0000023209 -0.0002159726  0.0000000650  0.0000000317 -0.0001202833 -0.0000220502  0.0000008714  0.0000396623  0.0544220579  0.0003228803 -0.0086648879  0.0659133352
  0.0036114362  0.1431239454 -0.0010378472  0.0000011153 -0.0000001981  0.0882157386  0.0698596128 -0.0127765836  0.0003660232  0.0001097563  0.0041445792  0.2328641493  0.0152841898 -0.0191495927  0.0000663133 -0.0069392790 -0.0001576888 -0.0000163824
 -0.0003182821 -0.0203487027 -0.0031875116 -0.0000066046 -0.0000023209  0.0698596128  0.0803314520 -0.0058822420 -0.0040258499 -0.0014578203  0.0065315653  0.2585333590 -0.0039360179 -0.0402006988  0.0000829762  0.0026195109  0.0002517187 -0.0000058670
 -0.1690743416  0.0165514507  0.0000869907  0.0001170058 -0.0002159726 -0.0127765836 -0.0058822420  0.9369057446 -0.0000335572 -0.0000526053  0.0461074195 -0.0169320560  0.0017115738 -0.1349135848 -0.0144462994 -0.0146667219 -0.0949376687  0.0011001894
 -0.0000010899 -0.0096426310  0.2739807664 -0.0000000975  0.0000000650  0.0003660232 -0.0040258499 -0.0000335572  0.7972001760  0.2838121897  0.0000870886  0.0032962809  0.0770501564 -0.0005586082  0.0000000078  0.0000351070 -0.0000127844 -0.0000005383
  0.0000048938 -0.0034239613  0.0975407829 -0.0000000543  0.0000000317  0.0001097563 -0.0014578203 -0.0000526053  0.2838121897  0.1010403272  0.0000243039  0.0010944922  0.0274321203 -0.0001798568  0.0000005838  0.0000218728  0.0000012154 -0.0000001899
  0.0507611554 -0.0209821213 -0.0001706998  0.0001403677 -0.0001202833  0.0041445792  0.0065315653  0.0461074195  0.0000870886  0.0000243039  0.0632232150  0.0198573486 -0.0024740080 -0.0156079889 -0.0053261614 -0.2274142604 -0.0404163115  0.0003935241
 -0.0015763382 -0.0186059543 -0.0045561322 -0.0000195469 -0.0000220502  0.2328641493  0.2585333590 -0.0169320560  0.0032962809  0.0010944922  0.0198573486  0.8347166859 -0.0057337586 -0.1253739675  0.0000211949  0.0092074390  0.0008635984  0.0000417592
 -0.0000363493  0.1081901536  0.0268325332  0.0000018311  0.0000008714  0.0152841898 -0.0039360179  0.0017115738  0.0770501564  0.0274321203 -0.0024740080 -0.0057337586  0.0199350196  0.0114738554 -0.0000289860 -0.0007709659 -0.0000429715  0.0000008455
  0.0216201488  0.0954756522  0.0009363399 -0.0000454847  0.0000396623 -0.0191495927 -0.0402006988 -0.1349135848 -0.0005586082 -0.0001798568 -0.0156079889 -0.1253739675  0.0114738554  0.0486988958  0.0020454755  0.0141174527  0.0161614765 -0.0000946748
 -0.0035651928 -0.0000428360  0.0000016211 -0.0001032472  0.0544220579  0.0000663133  0.0000829762 -0.0144462994  0.0000000078  0.0000005838 -0.0053261614  0.0000211949 -0.0000289860  0.0020454755  0.9156504512  0.0201721822 -0.1348687216 -0.2354197736
 -0.2217105545 -0.0057904150 -0.0000521085 -0.0001872010  0.0003228803 -0.0069392790  0.0026195109 -0.0146667219  0.0000351070  0.0000218728 -0.2274142604  0.0092074390 -0.0007709659  0.0141174527  0.0201721822  0.8599521251  0.1362434925 -0.0019927499
 -0.0178794452 -0.0004895554 -0.0000032043  0.0005780945 -0.0086648879 -0.0001576888  0.0002517187 -0.0949376687 -0.0000127844  0.0000012154 -0.0404163115  0.0008635984 -0.0000429715  0.0161614765 -0.1348687216  0.1362434925  0.0520105010  0.0353489770
  0.0005592308 -0.0000480985 -0.0000008676 -0.1088289730  0.0659133352 -0.0000163824 -0.0000058670  0.0011001894 -0.0000005383 -0.0000001899  0.0003935241  0.0000417592  0.0000008455 -0.0000946748 -0.2354197736 -0.0019927499  0.0353489770  0.0791270922
 2
  0.0892303312 -0.0009915765  0.0000150741  0.0000243519  0.0000462588 -0.0036187202 -0.0003062864  0.1688273311  0.0000009154 -0.0000049241 -0.0507642372 -0.0015401800 -0.0000407849 -0.0215703436 -0.0032668976  0.2221976922 -0.0179991872 -0.0005632590
 -0.0009915765  0.9550609317 -0.0004662049  0.0000035438 -0.0000259426 -0.1431249623 -0.0203456688 -0.0165518529  0.0096421946  0.0034249917  0.0209810115 -0.0186058354  0.1081909703 -0.0954753305 -0.0000404615  0.0057907930 -0.0004876818  0.0000472494
  0.0000150741 -0.0004662049  0.0943517306 -0.0000000527 -0.0000003031  0.0010376143 -0.0031886521 -0.0000869989 -0.2741874768 -0.0975529302  0.0001707214 -0.0045556698  0.0268514975 -0.0009363135  0.0000016132  0.0000521059 -0.0000031979  0.0000007469
  0.0000243519  0.0000035438 -0.0000000527  0.9257683386 -0.1863767079  0.0000173125 -0.0000044721 -0.0003720317  0.0000001089  0.0000000663 -0.0003839357 -0.0000028188  0.0000015738  0.0001480596 -0.0463564351  0.0006025590  0.0072271336  0.1782784965
  0.0000462588 -0.0000259426 -0.0000003031 -0.1863767079  0.0399848312 -0.0000024111  0.0000067196 -0.0001789429 -0.0000000658 -0.0000000270  0.0000295027  0.0000313784 -0.0000020075 -0.0000030037 -0.0386058997  0.0001430937  0.0059666172 -0.0460835544
 -0.0036187202 -0.1431249623  0.0010376143  0.0000173125 -0.0000024111  0.0882121650 -0.0698596092 -0.0127776481  0.0003657612  0.0001102403  0.0041393793 -0.2328571875 -0.0152844083 -0.0191480832 -0.0000660874 -0.0069409667  0.0001577033 -0.0000078032
 -0.0003062864 -0.0203456688 -0.0031886521 -0.0000044721  0.0000067196 -0.0698596092  0.0803350785  0.0058827553  0.0040255011  0.0014554525 -0.0065321770  0.2585394028 -0.0039356856  0.0402012095  0.0000851080 -0.0026196026  0.0002503624  0.0000041831
  0.1688273311 -0.0165518529 -0.0000869989 -0.0003720317 -0.0001789429 -0.0127776481  0.0058827553  0.9369742868 -0.0000336279 -0.0000527157  0.0463107416  0.0169324017 -0.0017115761 -0.1349454097  0.0146255008 -0.0146818618  0.0948760230  0.0018105018
  0.0000009154  0.0096421946 -0.2741874768  0.0000001089 -0.0000000658  0.0003657612  0.0040255011 -0.0000336279  0.7971860762  0.2836286344  0.0000871689 -0.0032963131 -0.0770451998 -0.0005589736 -0.0000000690  0.0000351372  0.0000128121 -0.0000002694
 -0.0000049241  0.0034249917 -0.0975529302  0.0000000663 -0.0000000270  0.0001102403  0.0014554525 -0.0000527157  0.2836286344  0.1009114580  0.0000244816 -0.0010979390 -0.0274126993 -0.0001808105 -0.0000006145  0.0000219336 -0.0000012051 -0.0000001493
 -0.0507642372  0.0209810115  0.0001707214 -0.0003839357  0.0000295027  0.0041393793 -0.0065321770  0.0463107416  0.0000871689  0.0000244816  0.0630337146 -0.0198596752  0.0024739855 -0.0156329176  0.0054500846 -0.2270193700  0.0403201686  0.0006718920
 -0.0015401800 -0.0186058354 -0.0045556698 -0.0000028188  0.0000313784 -0.2328571875  0.2585394028  0.0169324017 -0.0032963131 -0.0010979390 -0.0198596752  0.8347168801 -0.0057338428  0.1253738862  0.0000202952 -0.0092085355  0.0008614263 -0.0000355194
 -0.0000407849  0.1081909703  0.0268514975  0.0000015738 -0.0000020075 -0.0152844083 -0.0039356856 -0.0017115761 -0.0770451998 -0.0274126993  0.0024739855 -0.0057338428  0.0199343655 -0.0114738862 -0.0000293562  0.0007710471 -0.0000425485  0.0000003664
 -0.0215703436 -0.0954753305 -0.0009363135  0.0001480596 -0.0000030037 -0.0191480832  0.0402012095 -0.1349454097 -0.0005589736 -0.0001808105 -0.0156329176  0.1253738862 -0.0114738862  0.0487067733 -0.0020662302  0.0141190547 -0.0161554188 -0.0002174883
 -0.0032668976 -0.0000404615  0.0000016132 -0.0463564351 -0.0386058997 -0.0000660874  0.0000851080  0.0146255008 -0.0000000690 -0.0000006145  0.0054500846  0.0000202952 -0.0000293562 -0.0020662302  0.9356403092 -0.0206637372 -0.1413960490  0.1894723954
  0.2221976922  0.0057907930  0.0000521059  0.0006025590  0.0001430937 -0.0069409667 -0.0026196026 -0.0146818618  0.0000351372  0.0000219336 -0.2270193700 -0.0092085355  0.0007710471  0.0141190547 -0.0206637372  0.8599444791 -0.1360351299 -0.0029256794
 -0.0179991872 -0.0004876818 -0.0000031979  0.0072271336  0.0059666172  0.0001577033  0.0002503624  0.0948760230  0.0000128121 -0.0000012051  0.0403201686  0.0008614263 -0.0000425485 -0.0161554188 -0.1413960490 -0.1360351299  0.0534983164 -0.0289275287
 -0.0005632590  0.0000472494  0.0000007469  0.1782784965 -0.0460835544 -0.0000078032  0.0000041831  0.0018105018 -0.0000002694 -0.0000001493  0.0006718920 -0.0000355194  0.0000003664 -0.0002174883  0.1894723954 -0.0029256794 -0.0289275287  0.0765099339
 3
  0.9042369050 -0.0000697166  0.0000049840 -0.0012094393 -0.0005326171  0.0000162971 -0.0000286426  0.0000542871  0.0000000010 -0.0000000010  0.0000514932 -0.0003795620  0.0000126130  0.0000004424  0.1684657745  0.0002457051  0.2412585054 -0.0020441299
 -0.0000697166  0.7169838997  0.1726300656  0.0000004577  0.0000003796  0.0000005723  0.0442128940  0.0000000173  0.0000101865  0.0000611223 -0.0000000914 -0.0680220991  0.4080870628 -0.0000000229  0.0000085738 -0.0000000051  0.0000468653  0.0000003500
  0.0000049840  0.1726300656  0.8862529966 -0.0000000023  0.0000000967  0.0000001515  0.0168117901  0.0000000142 -0.0001059902  0.0000083526  0.0000000129 -0.0375945768 -0.2632707410  0.0000000297  0.0000043880  0.0000000043 -0.0000128971 -0.0000002333
 -0.0012094393  0.0000004577 -0.0000000023  0.4623367630 -0.4751683830  0.0000582205 -0.0000029195  0.0001993663 -0.0000000117 -0.0000000592  0.0002948698 -0.0000013030 -0.0000001276 -0.0001944786 -0.0075574119 -0.0001236950  0.0047888653 -0.1507142817
 -0.0005326171  0.0000003796  0.0000000967 -0.4751683830  0.5800593846  0.0000142500 -0.0000016980  0.0001871443 -0.0000000142 -0.0000000241  0.0001556335 -0.0000003121  0.0000002002 -0.0001004208 -0.0076223781 -0.0002745011  0.0028814121 -0.1331866021
  0.0000162971  0.0000005723  0.0000001515  0.0000582205  0.0000142500  0.9104759914 -0.0000014365  0.1489627000  0.0001407164  0.0000100174 -0.0372572820  0.0000048789  0.0000000205  0.2296492992 -0.0000021695 -0.0720600081 -0.0000059083 -0.0000141574
 -0.0000286426  0.0442128940  0.0168117901 -0.0000029195 -0.0000016980 -0.0000014365  0.7662265393 -0.0000022469  0.0000009564  0.0000062854  0.0000001877  0.4204436810  0.0106180294 -0.0000031460  0.0003606212  0.0000005409  0.0005010679 -0.0000045156
  0.0000542871  0.0000000173  0.0000000142  0.0001993663  0.0001871443  0.1489627000 -0.0000022469  0.6642364461 -0.0000422165 -0.0001221238 -0.0933176592 -0.0000001647 -0.0000000335 -0.4234519609 -0.0000063502 -0.1132106539  0.0000046362  0.0000917364
  0.0000000010  0.0000101865 -0.0001059902 -0.0000000117 -0.0000000142  0.0001407164  0.0000009564 -0.0000422165  0.1938778700  0.3953342961 -0.0000007363 -0.0000023331 -0.0000126436 -0.0000519155 -0.0000000032  0.0000063960 -0.0000000009 -0.0000000246
 -0.0000000010  0.0000611223  0.0000083526 -0.0000000592 -0.0000000241  0.0000100174  0.0000062854 -0.0001221238  0.3953342961  0.8061220865  0.0000132276 -0.0000138265 -0.0000947367 -0.0001825894 -0.0000000001  0.0000304217 -0.0000000041  0.0000000188
  0.0000514932 -0.0000000914  0.0000000129  0.0002948698  0.0001556335 -0.0372572820  0.0000001877 -0.0933176592 -0.0000007363  0.0000132276  0.7100670975 -0.0000005007  0.0000000141  0.0225472935  0.0001513382 -0.4418901988  0.0002388936  0.0000419582
 -0.0003795620 -0.0680220991 -0.0375945768 -0.0000013030 -0.0000003121  0.0000048789  0.4204436810 -0.0000001647 -0.0000023331 -0.0000138265 -0.0000005007  0.2433451605 -0.0362609230 -0.0000003985  0.0001120648 -0.0000000601  0.0001868445 -0.0000014265
  0.0000126130  0.4080870628 -0.2632707410 -0.0000001276  0.0000002002  0.0000000205  0.0106180294 -0.0000000335 -0.0000126436 -0.0000947367  0.0000000141 -0.0362609230  0.3871910588 -0.0000000013  0.0000464522 -0.0000000129  0.0000198959 -0.0000009509
  0.0000004424 -0.0000000229  0.0000000297 -0.0001944786 -0.0001004208  0.2296492992 -0.0000031460 -0.4234519609 -0.0000519155 -0.0001825894  0.0225472935 -0.0000003985 -0.0000000013  0.3914650513 -0.0000094231  0.0752418521  0.0000033117  0.0000167569
  0.1684657745  0.0000085738  0.0000043880 -0.0075574119 -0.0076223781 -0.0000021695  0.0003606212 -0.0000063502 -0.0000000032 -0.0000000001  0.0001513382  0.0001120648  0.0000464522 -0.0000094231  0.7034610942 -0.0000747773 -0.4243897974  0.0008815937
  0.0002457051 -0.0000000051  0.0000000043 -0.0001236950 -0.0002745011 -0.0720600081  0.0000005409 -0.1132106539  0.0000063960  0.0000304217 -0.4418901988 -0.0000000601 -0.0000000129  0.0752418521 -0.0000747773  0.3237551464 -0.0000575184 -0.0000982832
  0.2412585054  0.0000468653 -0.0000128971  0.0047888653  0.0028814121 -0.0000059083  0.0005010679  0.0000046362 -0.0000000009 -0.0000000041  0.0002388936  0.0001868445  0.0000198959  0.0000033117 -0.4243897974 -0.0000575184  0.3921841367  0.0056380925
 -0.0020441299  0.0000003500 -0.0000002333 -0.1507142817 -0.1331866021 -0.0000141574 -0.0000045156  0.0000917364 -0.0000000246  0.0000000188  0.0000419582 -0.0000014265 -0.0000009509  0.0000167569  0.0008815937 -0.0000982832  0.0056380925  0.9577223724
 4
  0.8146677781 -0.0002591611  0.0000081416  0.0010735800 -0.0000033701 -0.0000123682 -0.0000263871  0.0000146611 -0.0000000021 -0.0000000036  0.0004395545 -0.0000401514 -0.0000421090  0.0000773752 -0.2134814895  0.0004187084 -0.3246561841  0.0025703020
 -0.0002591611  0.7879258319 -0.1728010434  0.0000011629 -0.0000000279  0.0000000918  0.0014473181 -0.0000000518 -0.0000058268 -0.0000557310  0.0000000002  0.0115453376  0.3702740269 -0.0000000288 -0.0002368961  0.0000001843 -0.0003791339  0.0000026923
  0.0000081416 -0.1728010434  0.8589802760 -0.0000003394 -0.0000000307 -0.0000001092 -0.0107978307 -0.0000000524 -0.0001653311  0.0001585679 -0.0000000254  0.0180703507  0.3013797744 -0.0000000630  0.0000584185 -0.0000000193  0.0000759657 -0.0000008069
  0.0010735800  0.0000011629 -0.0000003394  0.5611023552 -0.3476833208  0.0001662319  0.0000001543 -0.0004439697  0.0000000892  0.0000000808 -0.0007316770  0.0000000436  0.0000008264  0.0003784275  0.0063785835  0.0008035314 -0.0001451116  0.3540330517
 -0.0000033701 -0.0000000279 -0.0000000307 -0.3476833208  0.7245703611  0.0001140933  0.0000000630 -0.0003681770  0.0000000694  0.0000000542 -0.0005346653 -0.0000002099  0.0000000349  0.0002769871  0.0040695298  0.0006698218 -0.0016106131  0.2804716498
 -0.0000123682  0.0000000918 -0.0000001092  0.0001662319  0.0001140933  0.8080879197 -0.0000059842 -0.2119766945 -0.0001083003  0.0000119151  0.0304454790  0.0000061471 -0.0000004539 -0.3253140803 -0.0000015114  0.0582364280  0.0000066558 -0.0000485857
 -0.0000263871  0.0014473181 -0.0107978307  0.0000001543  0.0000000630 -0.0000059842  0.3439177984  0.0000026250 -0.0000002276 -0.0000041832 -0.0000004093  0.4744529430 -0.0203483030  0.0000043334 -0.0000952179 -0.0000006724 -0.0000077266  0.0000018717
  0.0000146611 -0.0000000518 -0.0000000524 -0.0004439697 -0.0003681770 -0.2119766945  0.0000026250  0.7624352416 -0.0000640562 -0.0000574877 -0.0149399333  0.0000001223  0.0000000152 -0.3672751936 -0.0000093293  0.0328455298 -0.0000231802  0.0004309569
 -0.0000000021 -0.0000058268 -0.0001653311  0.0000000892  0.0000000694 -0.0001083003 -0.0000002276 -0.0000640562  0.6175776915  0.4859788439  0.0000073131  0.0000006220  0.0000023513 -0.0000787907  0.0000000003  0.0000150494  0.0000000034 -0.0000000522
 -0.0000000036 -0.0000557310  0.0001585679  0.0000000808  0.0000000542  0.0000119151 -0.0000041832 -0.0000574877  0.4859788439  0.3824223373  0.0000101608  0.0000061944  0.0001071114 -0.0001130506  0.0000000171  0.0000187059  0.0000000254 -0.0000000348
  0.0004395545  0.0000000002 -0.0000000254 -0.0007316770 -0.0005346653  0.0304454790 -0.0000004093 -0.0149399333  0.0000073131  0.0000101608  0.3064203528  0.0000000653  0.0000000642 -0.0611221849 -0.0001630055 -0.4556749338 -0.0003332397  0.0002691281
 -0.0000401514  0.0115453376  0.0180703507  0.0000000436 -0.0000002099  0.0000061471  0.4744529430  0.0000001223  0.0000006220  0.0000061944  0.0000000653  0.6561465258 -0.0072679250 -0.0000000198 -0.0000030210  0.0000000133 -0.0001026258 -0.0000003118
 -0.0000421090  0.3702740269  0.3013797744  0.0000008264  0.0000000349 -0.0000004539 -0.0203483030  0.0000000152  0.0000023513  0.0001071114  0.0000000642 -0.0072679250  0.3530291835  0.0000000282 -0.0001578554  0.0000000850 -0.0002033963  0.0000022057
  0.0000773752 -0.0000000288 -0.0000000630  0.0003784275  0.0002769871 -0.3253140803  0.0000043334 -0.3672751936 -0.0000787907 -0.0001130506 -0.0611221849 -0.0000000198  0.0000000282  0.4301021246 -0.0000009903  0.0256467800  0.0000046940 -0.0002111526
 -0.2134814895 -0.0002368961  0.0000584185  0.0063785835  0.0040695298 -0.0000015114 -0.0000952179 -0.0000093293  0.0000000003  0.0000000171 -0.0001630055 -0.0000030210 -0.0001578554 -0.0000009903  0.7540328492  0.0000305338 -0.3739440953 -0.0011875434
  0.0004187084  0.0000001843 -0.0000000193  0.0008035314  0.0006698218  0.0582364280 -0.0000006724  0.0328455298  0.0000150494  0.0000187059 -0.4556749338  0.0000000133  0.0000000850  0.0256467800  0.0000305338  0.6929514144  0.0000187482 -0.0008759253
 -0.3246561841 -0.0003791339  0.0000759657 -0.0001451116 -0.0016106131  0.0000066558 -0.0000077266 -0.0000231802  0.0000000034  0.0000000254 -0.0003332397 -0.0001026258 -0.0002033963  0.0000046940 -0.3739440953  0.0000187482  0.4312715909  0.0061361973
  0.0025703020  0.0000026923 -0.0000008069  0.3540330517  0.2804716498 -0.0000485857  0.0000018717  0.0004309569 -0.0000000522 -0.0000000348  0.0002691281 -0.0000003118  0.0000022057 -0.0002111526 -0.0011875434 -0.0008759253  0.0061361973  0.7143583682
 5
  0.9994139798  0.0003941821  0.0000039134  0.0000191222 -0.0000836365  0.0000033513 -0.0002159671  0.0001366692  0.0000000557 -0.0000000102  0.0000432890  0.0009613398 -0.0001487520  0.0000476969 -0.0223677088  0.0001142360 -0.0091611163  0.0004947117
  0.0003941821  0.1668026185 -0.0056440290  0.0000002224 -0.0000003319  0.0000006828  0.0329850152  0.0000000756 -0.0000016520  0.0000015864  0.0000001820 -0.0035080230  0.3712777242 -0.0000001291 -0.0000726465 -0.0000000234  0.0001527343  0.0000022486
  0.0000039134 -0.0056440290  0.9999604261 -0.0000000265  0.0000000107 -0.0000000018  0.0004587680 -0.0000000183 -0.0000365997  0.0000060817 -0.0000000006 -0.0011568212  0.0024833787  0.0000000029  0.0000038605  0.0000000028  0.0000020980 -0.0000000826
  0.0000191222  0.0000002224 -0.0000000265  0.0209507583 -0.1288868896  0.0000134944  0.0000004690 -0.0000563205 -0.0000000096  0.0000000019 -0.0000320840 -0.0000007753 -0.0000002841 -0.0000265958  0.0014005247  0.0001283576  0.0011709925  0.0624230654
 -0.0000836365 -0.0000003319  0.0000000107 -0.1288868896  0.9830199320  0.0000059784 -0.0000002071  0.0001173324  0.0000000173 -0.0000000053 -0.0000447311  0.0000005201  0.0000001563  0.0000604939 -0.0031108425 -0.0001956760 -0.0011955713  0.0082911686
  0.0000033513  0.0000006828 -0.0000000018  0.0000134944  0.0000059784  0.9993411936 -0.0000004689 -0.0234634425 -0.0002260049  0.0000378155 -0.0016324604  0.0000021470 -0.0000002464 -0.0096788481 -0.0000010999  0.0033824284  0.0000009673 -0.0000251249
 -0.0002159671  0.0329850152  0.0004587680  0.0000004690 -0.0000002071 -0.0000004689  0.9573722012  0.0000000897  0.0000002530  0.0000000743 -0.0000001707  0.1990949069 -0.0091436224  0.0000000907 -0.0000751326 -0.0000000848  0.0000883295  0.0000021442
  0.0001366692  0.0000000756 -0.0000000183 -0.0000563205  0.0001173324 -0.0234634425  0.0000000897  0.1486333850 -0.0000972209  0.0000268289 -0.0901087026  0.0000000960 -0.0000000567 -0.3433228063 -0.0000282965  0.0005569757  0.0000240628 -0.0006954929
  0.0000000557 -0.0000016520 -0.0000365997 -0.0000000096  0.0000000173 -0.0002260049  0.0000002530 -0.0000972209  0.0268018608  0.1615035055 -0.0000421372  0.0000000943 -0.0000048556  0.0002726665 -0.0000000063  0.0000266948  0.0000000046 -0.0000001152
 -0.0000000102  0.0000015864  0.0000060817  0.0000000019 -0.0000000053  0.0000378155  0.0000000743  0.0000268289  0.1615035055  0.9731982816  0.0000070751 -0.0000008200  0.0000001984 -0.0000406688  0.0000000035 -0.0000085903 -0.0000000016  0.0000000340
  0.0000432890  0.0000001820 -0.0000000006 -0.0000320840 -0.0000447311 -0.0016324604 -0.0000001707 -0.0901087026 -0.0000421372  0.0000070751  0.9306651090  0.0000007327 -0.0000000629 -0.0210854850  0.0000116763 -0.2365600084 -0.0000225693  0.0002794193
  0.0009613398 -0.0035080230 -0.0011568212 -0.0000007753  0.0000005201  0.0000021470  0.1990949069  0.0000000960  0.0000000943 -0.0000008200  0.0000007327  0.0420565230 -0.0251814254 -0.0000001660  0.0001833693 -0.0000000328 -0.0005323660 -0.0000065837
 -0.0001487520  0.3712777242  0.0024833787 -0.0000002841  0.0000001563 -0.0000002464 -0.0091436224 -0.0000000567 -0.0000048556  0.0000001984 -0.0000000629 -0.0251814254  0.8338097420  0.0000000442  0.0000414905  0.0000000123 -0.0000813058 -0.0000012642
  0.0000476969 -0.0000001291  0.0000000029 -0.0000265958  0.0000604939 -0.0096788481  0.0000000907 -0.3433228063  0.0002726665 -0.0000406688 -0.0210854850 -0.0000001660  0.0000000442  0.8576611855 -0.0000176236  0.0605758149  0.0000151041 -0.0003697802
 -0.0223677088 -0.0000726465  0.0000038605  0.0014005247 -0.0031108425 -0.0000010999 -0.0000751326 -0.0000282965 -0.0000000063  0.0000000035  0.0000116763  0.0001833693  0.0000414905 -0.0000176236  0.1445336692  0.0000681045 -0.3503929704  0.0188798461
  0.0001142360 -0.0000000234  0.0000000028  0.0001283576 -0.0001956760  0.0033824284 -0.0000000848  0.0005569757  0.0000266948 -0.0000085903 -0.2365600084 -0.0000000328  0.0000000123  0.0605758149  0.0000681045  0.0637017205 -0.0000954338  0.0013823889
 -0.0091611163  0.0001527343  0.0000020980  0.0011709925 -0.0011955713  0.0000009673  0.0000883295  0.0000240628  0.0000000046 -0.0000000016 -0.0000225693 -0.0005323660 -0.0000813058  0.0000151041 -0.3503929704 -0.0000954338  0.8564807044  0.0076951572
  0.0004947117  0.0000022486 -0.0000000826  0.0624230654  0.0082911686 -0.0000251249  0.0000021442 -0.0006954929 -0.0000001152  0.0000000340  0.0002794193 -0.0000065837 -0.0000012642 -0.0003697802  0.0188798461  0.0013823889  0.0076951572  0.9955967095

 Matrices of measurement operators of Bob (in Schmidt basis)
   dimensionalities of subspaces:  7 11 11 11  8
 1
  0.5458405299  0.0008562125  0.0000319835  0.0001553633 -0.0003429523  0.0000718428 -0.0001265233  0.0001152041  0.0000000272  0.0000000231 -0.0004040410  0.0002788693  0.0000904664 -0.0001212899  0.1074366968 -0.0002468685  0.4861616276  0.0012801180
  0.0008562125  0.0148344146  0.0787602243  0.0000003253 -0.0000004496  0.0000006376  0.0423206363  0.0000001091  0.0000020485  0.0000260892  0.0000002853 -0.0099194083 -0.0807490339 -0.0000000425  0.0001675978 -0.0000002207  0.0007632313  0.0000017913
  0.0000319835  0.0787602243  0.4602680211 -0.0000001022  0.0000001014  0.0000005323  0.0381893033  0.0000000294  0.0000966985 -0.0001712818  0.0000000232 -0.0115393918 -0.4905370279  0.0000000688 -0.0000162289 -0.0000000002 -0.0000276870  0.0000000259
  0.0001553633  0.0000003253 -0.0000001022  0.0825842838  0.1350783869 -0.0000433682  0.0000007154  0.0004373268 -0.0000001164 -0.0000000401  0.0004170337 -0.0000000885  0.0000002828 -0.0001997486 -0.0048489275 -0.0006833792  0.0019167904 -0.2397704423
 -0.0003429523 -0.0000004496  0.0000001014  0.1350783869  0.2209406535 -0.0000464843 -0.0000012251  0.0007273987 -0.0000001844 -0.0000000537  0.0005736566  0.0000001107 -0.0000001879 -0.0003269774 -0.0080486654 -0.0011382773  0.0026032936 -0.3921807897
  0.0000718428  0.0000006376  0.0000005323 -0.0000433682 -0.0000464843  0.5563352051  0.0000053565  0.1102636629  0.0001953431  0.0000400858 -0.0832068543 -0.0000029968  0.0000007072  0.4761641889 -0.0000103769 -0.0318191860 -0.0000049119 -0.0002102634
 -0.0001265233  0.0423206363  0.0381893033  0.0000007154 -0.0000012251  0.0000053565  0.9477429495 -0.0000015706  0.0000011526  0.0000144103  0.0000009696 -0.2106731319  0.0435152998 -0.0000065856  0.0000505533  0.0000003256  0.0001529832 -0.0000003084
  0.0001152041  0.0000001091  0.0000000294  0.0004373268  0.0007273987  0.1102636629 -0.0000015706  0.0263748676  0.0000370733  0.0000142572 -0.0811691661  0.0000000360 -0.0000000008  0.0812284048 -0.0000210574 -0.0182208143  0.0000373211 -0.0013914743
  0.0000000272  0.0000020485  0.0000966985 -0.0000001164 -0.0000001844  0.0001953431  0.0000011526  0.0000370733  0.0643016665 -0.2452893925 -0.0000285655 -0.0000003515 -0.0000076452  0.0001619977  0.0000000025 -0.0000105706 -0.0000000022  0.0000002290
  0.0000000231  0.0000260892 -0.0001712818 -0.0000000401 -0.0000000537  0.0000400858  0.0000144103  0.0000142572 -0.2452893925  0.9356983429 -0.0000091561 -0.0000041510 -0.0001812053  0.0000539906 -0.0000000038 -0.0000047098 -0.0000000092  0.0000000570
 -0.0004040410  0.0000002853  0.0000000232  0.0004170337  0.0005736566 -0.0832068543  0.0000009696 -0.0811691661 -0.0000285655 -0.0000091561  0.9382927175 -0.0000001068  0.0000000022  0.1169400712  0.0000791999  0.1752472639  0.0005357871 -0.0003679881
  0.0002788693 -0.0099194083 -0.0115393918 -0.0000000885  0.0000001107 -0.0000029968 -0.2106731319  0.0000000360 -0.0000003515 -0.0000041510 -0.0000001068  0.0468507849 -0.0063994395 -0.0000001624  0.0000382863 -0.0000000771  0.0001897680  0.0000006632
  0.0000904664 -0.0807490339 -0.4905370279  0.0000002828 -0.0000001879  0.0000007072  0.0435152998 -0.0000000008 -0.0000076452 -0.0001812053  0.0000000022 -0.0063994395  0.5303053316  0.0000000030  0.0000487017 -0.0000000478  0.0001645471  0.0000000584
 -0.0001212899 -0.0000000425  0.0000000688 -0.0001997486 -0.0003269774  0.4761641889 -0.0000065856  0.0812284048  0.0001619977  0.0000539906  0.1169400712 -0.0000001624  0.0000000030  0.4457852696  0.0000011907  0.0074160844  0.0000076256  0.0004529450
  0.1074366968  0.0001675978 -0.0000162289 -0.0048489275 -0.0080486654 -0.0000103769  0.0000505533 -0.0000210574  0.0000000025 -0.0000000038  0.0000791999  0.0000382863  0.0000487017  0.0000011907  0.0214348998  0.0000263536  0.0955853382  0.0144190425
 -0.0002468685 -0.0000002207 -0.0000000002 -0.0006833792 -0.0011382773 -0.0318191860  0.0000003256 -0.0182208143 -0.0000105706 -0.0000047098  0.1752472639 -0.0000000771 -0.0000000478  0.0074160844  0.0000263536  0.0332211516 -0.0000692992  0.0021487163
  0.4861616276  0.0007632313 -0.0000276870  0.0019167904  0.0026032936 -0.0000049119  0.0001529832  0.0000373211 -0.0000000022 -0.0000000092  0.0005357871  0.0001897680  0.0001645471  0.0000076256  0.0955853382 -0.0000692992  0.4330468751 -0.0040224029
  0.0012801180  0.0000017913  0.0000000259 -0.2397704423 -0.3921807897 -0.0002102634 -0.0000003084 -0.0013914743  0.0000002290  0.0000000570 -0.0003679881  0.0000006632  0.0000000584  0.0004529450  0.0144190425  0.0021487163 -0.0040224029  0.6961420354
 2
  0.9982467304  0.0000583333  0.0000029591  0.0000195584 -0.0001275730  0.0000057043 -0.0001374726  0.0000889928  0.0000000175 -0.0000000050  0.0002132639  0.0002359576 -0.0000501129  0.0000458701 -0.0305523276  0.0003056217 -0.0285696321  0.0005300513
  0.0000583333  0.5008981212 -0.0080492126  0.0000004933 -0.0000001100  0.0000005545  0.0300375171  0.0000000266 -0.0000013687  0.0000017316  0.0000000338 -0.0109383808  0.4989113090 -0.0000000624 -0.0000709348  0.0000000404 -0.0000157959  0.0000013695
  0.0000029591 -0.0080492126  0.9998462613 -0.0000000720  0.0000000159  0.0000000251  0.0029781028 -0.0000000211 -0.0001215178  0.0000653571 -0.0000000041 -0.0043750652  0.0078035665 -0.0000000025  0.0000117535 -0.0000000006  0.0000102169 -0.0000001988
  0.0000195584  0.0000004933 -0.0000000720  0.2320281052 -0.4087256514  0.0000443112 -0.0000000601 -0.0000868928  0.0000000059  0.0000000029 -0.0001594033 -0.0000015810  0.0000000581  0.0000400740  0.0007701361  0.0002184084  0.0031168840  0.1054704356
 -0.0001275730 -0.0000001100  0.0000000159 -0.4087256514  0.7824594618  0.0000268684 -0.0000002678 -0.0000000355  0.0000000118  0.0000000053 -0.0001487117  0.0000003036  0.0000000480  0.0000766403 -0.0019955779  0.0000098146 -0.0005905180  0.0561748896
  0.0000057043  0.0000005545  0.0000000251  0.0000443112  0.0000268684  0.9975129844 -0.0000030781 -0.0364288686 -0.0000807411  0.0000388827 -0.0047593987  0.0000051697 -0.0000002580 -0.0336300489 -0.0000010546  0.0003532327  0.0000003713 -0.0000174778
 -0.0001374726  0.0300375171  0.0029781028 -0.0000000601 -0.0000002678 -0.0000030781  0.7380784018  0.0000002169  0.0000002897  0.0000011004 -0.0000001147  0.4386173730 -0.0047233167  0.0000003904 -0.0000066377 -0.0000000876  0.0001565141  0.0000008341
  0.0000889928  0.0000000266 -0.0000000211 -0.0000868928 -0.0000000355 -0.0364288686  0.0000002169  0.4661783860 -0.0000866757 -0.0000196194 -0.0779250444  0.0000000827 -0.0000000371 -0.4913291913 -0.0000161376 -0.0072320927  0.0000058987 -0.0001496545
  0.0000000175 -0.0000013687 -0.0001215178  0.0000000059  0.0000000118 -0.0000807411  0.0000002897 -0.0000866757  0.2243497843  0.4171533617 -0.0000093418 -0.0000001485 -0.0000041827  0.0000450856 -0.0000000039  0.0000216850  0.0000000036 -0.0000000492
 -0.0000000050  0.0000017316  0.0000653571  0.0000000029  0.0000000053  0.0000388827  0.0000011004 -0.0000196194  0.4171533617  0.7756502475  0.0000065370 -0.0000021142  0.0000011263 -0.0000872312  0.0000000037  0.0000043984  0.0000000027 -0.0000000018
  0.0002132639  0.0000000338 -0.0000000041 -0.0001594033 -0.0001487117 -0.0047593987 -0.0000001147 -0.0779250444 -0.0000093418  0.0000065370  0.6885827400  0.0000001164  0.0000000158 -0.0174786218  0.0000098178 -0.4561095833 -0.0000303205  0.0001934566
  0.0002359576 -0.0109383808 -0.0043750652 -0.0000015810  0.0000003036  0.0000051697  0.4386173730  0.0000000827 -0.0000001485 -0.0000021142  0.0000001164  0.2623594793 -0.0316685029 -0.0000002137  0.0001758381 -0.0000000642 -0.0001135577 -0.0000040607
 -0.0000501129  0.4989113090  0.0078035665  0.0000000581  0.0000000480 -0.0000002580 -0.0047233167 -0.0000000371 -0.0000041827  0.0000011263  0.0000000158 -0.0316685029  0.4988178362  0.0000000293 -0.0000122632  0.0000000259 -0.0000781101 -0.0000000644
  0.0000458701 -0.0000000624 -0.0000000025  0.0000400740  0.0000766403 -0.0336300489  0.0000003904 -0.4913291913  0.0000450856 -0.0000872312 -0.0174786218 -0.0000002137  0.0000000293  0.5379742830 -0.0000141837  0.0756111215  0.0000134584 -0.0001895618
 -0.0305523276 -0.0000709348  0.0000117535  0.0007701361 -0.0019955779 -0.0000010546 -0.0000066377 -0.0000161376 -0.0000000039  0.0000000037  0.0000098178  0.0001758381 -0.0000122632 -0.0000141837  0.4675294434  0.0000297618 -0.4979189904  0.0091806347
  0.0003056217  0.0000000404 -0.0000000006  0.0002184084  0.0000098146  0.0003532327 -0.0000000876 -0.0072320927  0.0000216850  0.0000043984 -0.4561095833 -0.0000000642  0.0000000259  0.0756111215  0.0000297618  0.3097518333 -0.0000378206  0.0002635820
 -0.0285696321 -0.0000157959  0.0000102169  0.0031168840 -0.0005905180  0.0000003713  0.0001565141  0.0000058987  0.0000000036  0.0000000027 -0.0000303205 -0.0001135577 -0.0000781101  0.0000134584 -0.4979189904 -0.0000378206  0.5343829562  0.0082557461
  0.0005300513  0.0000013695 -0.0000001988  0.1054704356  0.0561748896 -0.0000174778  0.0000008341 -0.0001496545 -0.0000000492 -0.0000000018  0.0001934566 -0.0000040607 -0.0000000644 -0.0001895618  0.0091806347  0.0002635820  0.0082557461  0.9853529449
 3
  0.9999731123  0.0009594479 -0.0000034309 -0.0000973736  0.0000069632  0.0000006213  0.0001960683  0.0001493870  0.0000000961  0.0000000087  0.0000225900  0.0017719993 -0.0000484641  0.0000056401 -0.0047644362 -0.0001401197 -0.0001361666  0.0001235372
  0.0009594479  0.0040567121 -0.0006511235 -0.0000011557  0.0000003042  0.0000006503  0.0275061739  0.0000001231 -0.0000003531  0.0000004530  0.0000005173 -0.0036775281  0.0571719229 -0.0000001969 -0.0000170109 -0.0000001472  0.0004096448  0.0000016337
 -0.0000034309 -0.0006511235  0.9999943838 -0.0000000031  0.0000000046  0.0000000338  0.0003027092 -0.0000000016  0.0000666730  0.0000110393  0.0000000029  0.0022569555  0.0000457158 -0.0000000403  0.0000001355  0.0000000012  0.0000025858  0.0000000067
 -0.0000973736 -0.0000011557 -0.0000000031  0.0490306619  0.2159126393 -0.0000008710  0.0000005090  0.0000460467 -0.0000000166 -0.0000000038  0.0000532046  0.0000021165 -0.0000001802 -0.0000268555 -0.0006345654 -0.0000639561 -0.0026158715 -0.0010600057
  0.0000069632  0.0000003042  0.0000000046  0.2159126393  0.9509680272  0.0000016019 -0.0000004903  0.0002071987  0.0000000217 -0.0000000046  0.0000290449 -0.0000018887  0.0000000907  0.0000153541 -0.0030145235 -0.0002860140  0.0005028508  0.0003233640
  0.0000006213  0.0000006503  0.0000000338 -0.0000008710  0.0000016019  0.9999719936 -0.0000002495  0.0008063596 -0.0004258767 -0.0000705058 -0.0003819160 -0.0000018396 -0.0000000458 -0.0000339662  0.0000000553  0.0051982614  0.0000006906 -0.0000126901
  0.0001960683  0.0275061739  0.0003027092  0.0000005090 -0.0000004903 -0.0000002495  0.9836077107 -0.0000001017  0.0000002354  0.0000001225  0.0000001590 -0.1239463235 -0.0020367725  0.0000000007 -0.0000579700 -0.0000000660 -0.0001400311  0.0000009474
  0.0001493870  0.0000001231 -0.0000000016  0.0000460467  0.0002071987  0.0008063596 -0.0000001017  0.0059022138 -0.0000146879  0.0000256993 -0.0712781118  0.0000001490 -0.0000000170 -0.0272755674 -0.0000384693 -0.0063306666  0.0000354503 -0.0014329396
  0.0000000961 -0.0000003531  0.0000666730 -0.0000000166  0.0000000217 -0.0004258767  0.0000002354 -0.0000146879  0.0266903272 -0.1611751115 -0.0000876088  0.0000000123 -0.0000040558  0.0005859136  0.0000000053 -0.0000020473 -0.0000000064  0.0000001189
  0.0000000087  0.0000004530  0.0000110393 -0.0000000038 -0.0000000046 -0.0000705058  0.0000001225  0.0000256993 -0.1611751115  0.9733102237 -0.0000118435  0.0000007790 -0.0000006981  0.0000978791  0.0000000027 -0.0000078011 -0.0000000025  0.0000000806
  0.0000225900  0.0000005173  0.0000000029  0.0000532046  0.0000290449 -0.0003819160  0.0000001590 -0.0712781118 -0.0000876088 -0.0000118435  0.9877725712  0.0000014042 -0.0000000242 -0.0028676480 -0.0000229611  0.0835994084  0.0000138015 -0.0003263492
  0.0017719993 -0.0036775281  0.0022569555  0.0000021165 -0.0000018887 -0.0000018396 -0.1239463235  0.0000001490  0.0000000123  0.0000007790  0.0000014042  0.0156418353 -0.0034215249 -0.0000000192  0.0000280392 -0.0000000064 -0.0010057174 -0.0000048227
 -0.0000484641  0.0571719229  0.0000457158 -0.0000001802  0.0000000907 -0.0000000458 -0.0020367725 -0.0000000170 -0.0000040558 -0.0000006981 -0.0000000242 -0.0034215249  0.9967046511  0.0000000135  0.0000192067 -0.0000000060 -0.0000267110 -0.0000005800
  0.0000056401 -0.0000001969 -0.0000000403 -0.0000268555  0.0000153541 -0.0000339662  0.0000000007 -0.0272755674  0.0005859136  0.0000978791 -0.0028676480 -0.0000000192  0.0000000135  0.9991343979  0.0000009480  0.0105977901  0.0000024536 -0.0000681293
 -0.0047644362 -0.0000170109  0.0000001355 -0.0006345654 -0.0030145235  0.0000000553 -0.0000579700 -0.0000384693  0.0000000053  0.0000000027 -0.0000229611  0.0000280392  0.0000192067  0.0000009480  0.0015273821  0.0000724454 -0.0287735481  0.0257862409
 -0.0001401197 -0.0000001472  0.0000000012 -0.0000639561 -0.0002860140  0.0051982614 -0.0000000660 -0.0063306666 -0.0000020473 -0.0000078011  0.0835994084 -0.0000000064 -0.0000000060  0.0105977901  0.0000724454  0.0072275932 -0.0001360917  0.0026367020
 -0.0001361666  0.0004096448  0.0000025858 -0.0026158715  0.0005028508  0.0000006906 -0.0001400311  0.0000354503 -0.0000000064 -0.0000000025  0.0000138015 -0.0010057174 -0.0000267110  0.0000024536 -0.0287735481 -0.0001360917  0.9991624993  0.0007405730
  0.0001235372  0.0000016337  0.0000000067 -0.0010600057  0.0003233640 -0.0000126901  0.0000009474 -0.0014329396  0.0000001189  0.0000000806 -0.0003263492 -0.0000048227 -0.0000005800 -0.0000681293  0.0257862409  0.0026367020  0.0007405730  0.9993237037
 4
  0.9517750687 -0.0001963810  0.0001273906  0.0000924466 -0.0005804915  0.0000314078  0.0015234388  0.0000108027 -0.0000000375  0.0000000036  0.0004444225 -0.0011967002  0.0007222795 -0.0000157161  0.0616967471  0.0002603196  0.2051523540  0.0006072830
 -0.0001963810  0.9404539777  0.0517629230  0.0000009019  0.0000019237  0.0000003180  0.0249782425 -0.0000000084  0.0000016024  0.0000174386 -0.0000000837 -0.0127947001  0.2292011830  0.0000000551 -0.0000595774  0.0000000383 -0.0002272064 -0.0000002662
  0.0001273906  0.0517629230  0.9529954420 -0.0000000538  0.0000002473  0.0000002431  0.0165492060  0.0000000407 -0.0001343961  0.0001855558  0.0000000830 -0.0115590402 -0.2042257884  0.0000000344 -0.0000034638 -0.0000000218  0.0000174684 -0.0000002564
  0.0000924466  0.0000009019 -0.0000000538  0.7253669177 -0.4413783342  0.0000254553  0.0000004888  0.0000035283 -0.0000000098 -0.0000000869  0.0001596915 -0.0000008058 -0.0000001007 -0.0000825206 -0.0064296858  0.0000258096  0.0005745067 -0.0659788257
 -0.0005804915  0.0000019237  0.0000002473 -0.4413783342  0.2906249320  0.0000393962 -0.0000043302  0.0000057543 -0.0000000059 -0.0000001485  0.0002389297 -0.0000028183  0.0000009822 -0.0001298523 -0.0094006960  0.0000325889  0.0040252143 -0.1060295147
  0.0000314078  0.0000003180  0.0000002431  0.0000254553  0.0000393962  0.9586666281 -0.0000080126  0.0530753508  0.0003109006 -0.0002548868 -0.0412809996  0.0000050753 -0.0000001585  0.1854279246 -0.0000127130 -0.0268331148  0.0000005156 -0.0003378438
  0.0015234388  0.0249782425  0.0165492060  0.0000004888 -0.0000043302 -0.0000080126  0.2601875693 -0.0000006523  0.0000011665  0.0000052989  0.0000011294  0.4377072250 -0.0011668909 -0.0000023586  0.0002913276  0.0000001140  0.0009093336  0.0000055100
